0 0.8666666671875 0.93515625 0.8652777781250001 0.93125 0.79444444375 0.940625 0.7736111109375 0.9484375 0.76944444375 0.95546875 0.7819444437499999 0.9578125 0.85694444375 0.93828125 0.8666666671875 0.93515625
0 0.33055555625 0.41875 0.28194444375 0.409375 0.2541666671875 0.40625 0.24444444375000002 0.4078125 0.24305555625 0.41171875 0.25833333281250004 0.41796875 0.3361111109375 0.4234375 0.33055555625 0.41875
0 0.397222221875 0.8765625 0.39027777812500003 0.8765625 0.3458333328125 0.89453125 0.325 0.90625 0.325 0.91171875 0.3375 0.9109375 0.3736111109375 0.89375 0.397222221875 0.8765625
0 0.715277778125 0.24765625 0.715277778125 0.2421875 0.70555555625 0.23828125 0.640277778125 0.23125 0.6416666671875 0.2359375 0.65 0.2390625 0.6875 0.24765625 0.715277778125 0.24765625
0 0.490277778125 0.8765625 0.45 0.8609375 0.434722221875 0.84375 0.43194444374999996 0.846875 0.4388888890625 0.86484375 0.46388888906250003 0.87890625 0.490277778125 0.884375 0.490277778125 0.8765625
0 0.575 0.89375 0.5763888890625 0.8890625 0.5541666671875001 0.8875 0.49444444374999996 0.89453125 0.49305555625 0.896875 0.5083333328124999 0.8984375 0.5555555562500001 0.89765625 0.575 0.89375
0 0.3875 0.83046875 0.39444444375 0.82578125 0.3888888890625 0.8203125 0.377777778125 0.82109375 0.3375 0.8375 0.33055555625 0.8453125 0.3333333328125 0.85 0.34861111093749997 0.840625 0.3875 0.83046875
0 0.6888888890625 0.85546875 0.6805555562500001 0.8609375 0.6805555562500001 0.88984375 0.6888888890625 0.91171875 0.6944444437499999 0.86015625 0.6888888890625 0.85546875
0 0.8333333328125001 0.85625 0.80694444375 0.84140625 0.775 0.83203125 0.7736111109375 0.834375 0.815277778125 0.8578125 0.8333333328125001 0.8609375 0.8333333328125001 0.85625
0 0.07083333281250001 0.23125 0.061111110937500004 0.21953125 0.054166667187499996 0.21875 0.054166667187499996 0.2296875 0.08055555625000001 0.26328125 0.08333333281250001 0.25859375 0.07083333281250001 0.23125
0 0.8875 0.82890625 0.847222221875 0.81328125 0.859722221875 0.8265625 0.890277778125 0.8421875 0.9 0.84140625 0.8875 0.82890625
0 0.15972222187500001 0.309375 0.1458333328125 0.30078125 0.14861111093749999 0.31875 0.16944444375 0.34375 0.172222221875 0.33984375 0.15972222187500001 0.309375
0 0.275 0.34921875 0.2625 0.3453125 0.26805555625 0.36328125 0.28611111093749997 0.3828125 0.29305555625 0.38515625 0.275 0.34921875
0 0.747222221875 0.775 0.7402777781250001 0.771875 0.7361111109375 0.7734375 0.7361111109375 0.78125 0.7541666671875 0.81015625 0.7597222218749999 0.8125 0.747222221875 0.775
0 0.322222221875 0.69453125 0.302777778125 0.6625 0.3083333328125 0.69765625 0.31805555625 0.70625 0.3236111109375 0.7015625 0.322222221875 0.69453125