1 0.0888888890625 0.18515625 0.075 0.1890625 0.058333332812500006 0.21640625 0.055555556250000006 0.25234375 0.0916666671875 0.20234375 0.09305555625 0.1890625 0.0888888890625 0.18515625
1 0.9208333328125 0.959375 0.9138888890624999 0.9140625 0.897222221875 0.8921875 0.8861111109375001 0.8875 0.8763888890624999 0.890625 0.875 0.9046875 0.8819444437499999 0.92109375 0.9055555562500001 0.94921875 0.9208333328125 0.959375
1 0.64305555625 0.95078125 0.6375 0.94765625 0.584722221875 0.9484375 0.5527777781250001 0.9453125 0.5166666671875 0.946875 0.50555555625 0.95078125 0.50555555625 0.95703125 0.5236111109375 0.96171875 0.5986111109375 0.95859375 0.64305555625 0.95078125
1 0.6708333328125 0.7484375 0.68194444375 0.7421875 0.684722221875 0.734375 0.675 0.73125 0.659722221875 0.7328125 0.6 0.75859375 0.5638888890625 0.7671875 0.55694444375 0.77109375 0.5736111109375 0.771875 0.6416666671875 0.7578125 0.6708333328125 0.7484375
1 0.3736111109375 0.71875 0.3513888890625 0.715625 0.2833333328125 0.72890625 0.25 0.72890625 0.2513888890625 0.73671875 0.3166666671875 0.73671875 0.36666666718749996 0.728125 0.3736111109375 0.71875
1 0.6833333328125 0.8171875 0.6805555562500001 0.8109375 0.6625 0.80703125 0.590277778125 0.81015625 0.5625 0.8046875 0.5638888890625 0.8109375 0.6180555562500001 0.82265625 0.66805555625 0.82265625 0.6833333328125 0.8171875
1 0.20555555625 0.95546875 0.20555555625 0.95 0.1763888890625 0.946875 0.09444444375 0.95703125 0.0958333328125 0.9609375 0.17916666718750002 0.9640625 0.1986111109375 0.96015625 0.20555555625 0.95546875
1 0.24583333281250003 0.97421875 0.25555555625 0.9703125 0.24583333281250003 0.96640625 0.17361111093749998 0.9671875 0.15694444375 0.96875 0.1458333328125 0.97421875 0.14444444375 0.978125 0.1513888890625 0.98125 0.18194444375000002 0.98125 0.24583333281250003 0.97421875
1 0.8444444437499999 0.94375 0.85 0.9390625 0.775 0.94140625 0.7388888890625 0.94765625 0.7375 0.95625 0.7625 0.9578125 0.827777778125 0.94765625 0.8444444437499999 0.94375
1 0.30555555624999997 0.834375 0.3263888890625 0.82578125 0.25555555625 0.8328125 0.21944444375 0.83984375 0.2125 0.84375 0.2125 0.85 0.23472222187499997 0.85078125 0.30555555624999997 0.834375
1 0.9263888890624999 0.77421875 0.9125 0.75859375 0.9055555562500001 0.76015625 0.9 0.7671875 0.9013888890624999 0.7859375 0.922222221875 0.81796875 0.9277777781250001 0.80625 0.9263888890624999 0.77421875
1 0.675 0.9203125 0.6805555562500001 0.92265625 0.6861111109375 0.90390625 0.6791666671875001 0.8890625 0.6555555562500001 0.86796875 0.6416666671875 0.86171875 0.6319444437499999 0.8625 0.6333333328124999 0.87265625 0.66944444375 0.8953125 0.6777777781250001 0.90703125 0.675 0.9203125
1 0.8958333328125001 0.978125 0.91805555625 0.97421875 0.847222221875 0.9640625 0.827777778125 0.965625 0.825 0.9703125 0.83055555625 0.975 0.852777778125 0.978125 0.8958333328125001 0.978125
1 0.9361111109375001 0.88359375 0.9236111109375 0.88203125 0.91805555625 0.890625 0.922222221875 0.91953125 0.934722221875 0.934375 0.940277778125 0.9203125 0.9361111109375001 0.88359375
1 0.0888888890625 0.18515625 0.08194444375 0.18515625 0.0736111109375 0.190625 0.058333332812500006 0.21640625 0.05694444375 0.25 0.0916666671875 0.20546875 0.09305555625 0.1890625 0.0888888890625 0.18515625
1 0.3031763890625 0.9288281250000001 0.2969708328125 0.93898125 0.29330555625 0.950403125 0.2896388890625 0.95627265625 0.30543194375 0.94754765625 0.3178416671875 0.93612578125 0.32996805625 0.9272421874999999 0.34181249999999996 0.9150265624999999 0.34604305625 0.90614296875 0.3547861109375 0.89503828125 0.35111944375 0.8910726562500001 0.34406944375 0.88869296875 0.328840278125 0.8945624999999999 0.3161486109375 0.90646015625 0.314175 0.9161374999999999 0.3031763890625 0.9288281250000001
1 0.344915278125 0.952465625 0.3604263890625 0.9548453125 0.3770666671875 0.9575421875 0.39539722187500004 0.9597625000000001 0.4120375 0.96198359375 0.4255736109375 0.96341171875 0.43995694375000005 0.959128125 0.4391111109375 0.9545281250000001 0.42783055625 0.9510375 0.4120375 0.9488171875000001 0.39849999999999997 0.94786484375 0.37819444375 0.94849921875 0.36211944375 0.9473890624999999 0.34942777812500003 0.94659609375 0.34181249999999996 0.9423125000000001 0.321225 0.94040859375 0.315302778125 0.9440578125 0.32996805625 0.94786484375 0.344915278125 0.952465625