1 0.9208333328125 0.946875 0.9055555562500001 0.9125 0.8791666671874999 0.8921875 0.8625 0.89140625 0.8611111109375 0.90078125 0.875 0.92109375 0.91944444375 0.9578125 0.9208333328125 0.946875
1 0.45 0.95859375 0.45 0.95390625 0.434722221875 0.946875 0.3291666671875 0.9421875 0.33194444375 0.94921875 0.39027777812500003 0.95859375 0.4291666671875 0.96171875 0.45 0.95859375
1 0.4361111109375 0.728125 0.4458333328125 0.72421875 0.447222221875 0.71953125 0.43194444374999996 0.7140625 0.40972222187499996 0.7140625 0.3375 0.72265625 0.3291666671875 0.72421875 0.3291666671875 0.72734375 0.3916666671875 0.73046875 0.4361111109375 0.728125
1 0.54305555625 0.928125 0.5097222218749999 0.92578125 0.5069444437499999 0.93515625 0.5305555562500001 0.94453125 0.63055555625 0.9546875 0.54305555625 0.928125
1 0.8138888890624999 0.65390625 0.8013888890624999 0.64453125 0.7888888890625 0.6515625 0.7875 0.66328125 0.8055555562500001 0.7234375 0.8138888890624999 0.68515625 0.8138888890624999 0.65390625
1 0.352777778125 0.8953125 0.34861111093749997 0.88671875 0.3291666671875 0.8921875 0.3013888890625 0.93125 0.29305555625 0.9515625 0.325 0.928125 0.34861111093749997 0.90390625 0.352777778125 0.8953125
1 0.60694444375 0.55078125 0.5625 0.509375 0.5486111109375 0.50234375 0.534722221875 0.5015625 0.534722221875 0.5125 0.547222221875 0.525 0.5791666671875 0.54140625 0.60694444375 0.55078125
1 0.9277777781250001 0.7671875 0.91944444375 0.7515625 0.9083333328125001 0.7515625 0.902777778125 0.759375 0.9055555562500001 0.81015625 0.9111111109375001 0.8125 0.925 0.78984375 0.9277777781250001 0.7671875
1 0.08333333281250001 0.18828125 0.06805555625000001 0.19453125 0.055555556250000006 0.21640625 0.055555556250000006 0.25390625 0.0861111109375 0.209375 0.0888888890625 0.19296875 0.08333333281250001 0.18828125
1 0.672222221875 0.71640625 0.6625 0.71171875 0.652777778125 0.7140625 0.6569444437499999 0.73203125 0.6888888890625 0.7625 0.70555555625 0.77265625 0.672222221875 0.71640625
1 0.30694444375 0.82578125 0.2541666671875 0.79140625 0.225 0.7828125 0.21944444375 0.78828125 0.23055555625 0.79765625 0.2986111109375 0.82578125 0.30694444375 0.82578125
1 0.934722221875 0.89765625 0.9263888890624999 0.875 0.9138888890624999 0.86328125 0.9013888890624999 0.86484375 0.9 0.8734375 0.9083333328125001 0.8890625 0.934722221875 0.91640625 0.934722221875 0.89765625
1 0.9055555562500001 0.97265625 0.9069444437499999 0.9703125 0.8486111109375001 0.94609375 0.83055555625 0.9453125 0.83194444375 0.9546875 0.8513888890624999 0.9625 0.8861111109375001 0.971875 0.9055555562500001 0.97265625
1 0.6875 0.88671875 0.6555555562500001 0.8921875 0.6486111109375 0.9 0.665277778125 0.90234375 0.7458333328125 0.88828125 0.6875 0.88671875
1 0.1327541671875 0.95291484375 0.11647222187499999 0.95620234375 0.10353055625 0.9585507812499999 0.088502778125 0.9641859374999999 0.11062777812499999 0.9641859374999999 0.1281611109375 0.9620726562499999 0.15195694375 0.9585507812499999 0.16656805624999999 0.9571414062500001 0.179509721875 0.9545585937500001 0.1945388890625 0.94892265625 0.20455694375000003 0.93647734375 0.1820138890625 0.9371812500000001 0.1590541671875 0.9416429687500001 0.1461125 0.94657421875 0.1327541671875 0.95291484375
1 0.23545 0.9771015625 0.2442166671875 0.9740484374999999 0.216247221875 0.9686476562499999 0.19871250000000001 0.96629921875 0.1878583328125 0.9634820312500001 0.17450000000000002 0.96019453125 0.1598888890625 0.9590203125000001 0.14653055625 0.9616031250000001 0.14319027812500001 0.96770859375 0.1607236109375 0.9691171875 0.175752778125 0.9738140625 0.1995486109375 0.9771015625 0.216247221875 0.978040625 0.23545 0.9771015625