0 0.85 0.9390625 0.79444444375 0.92109375 0.777777778125 0.91796875 0.7666666671875 0.91796875 0.7611111109375 0.92109375 0.7625 0.92734375 0.7763888890625 0.93203125 0.8375 0.94140625 0.85 0.9390625
0 0.5319444437499999 0.81484375 0.5305555562500001 0.81015625 0.51805555625 0.80703125 0.44444444375 0.80859375 0.440277778125 0.81015625 0.48055555625 0.815625 0.527777778125 0.8171875 0.5319444437499999 0.81484375
0 0.10833333281249999 0.09453125 0.077777778125 0.078125 0.06527777812499999 0.07578125 0.0666666671875 0.08203125 0.10555555624999999 0.10546875 0.13055555624999998 0.11484375 0.10833333281249999 0.09453125
0 0.14305555625 0.12890625 0.1361111109375 0.1421875 0.13333333281249998 0.1734375 0.15555555625 0.14453125 0.15277777812499999 0.12578125 0.14305555625 0.12890625
0 0.28194444375 0.14609375 0.27777777812500004 0.14296875 0.2666666671875 0.1515625 0.25833333281250004 0.175 0.259722221875 0.190625 0.28055555625 0.16015625 0.28194444375 0.14609375
0 0.434722221875 0.45703125 0.427777778125 0.4515625 0.4236111109375 0.45234375 0.42222222187499997 0.46484375 0.434722221875 0.50078125 0.440277778125 0.4734375 0.434722221875 0.45703125
0 0.21805555625 0.21171875 0.184722221875 0.18515625 0.172222221875 0.18359375 0.172222221875 0.18984375 0.18194444375000002 0.19765625 0.21805555625 0.21640625 0.21805555625 0.21171875
0 0.11388888906250001 0.04765625 0.11944444375 0.04375 0.11805555625 0.0375 0.0791666671875 0.0484375 0.06805555625000001 0.05546875 0.06527777812499999 0.06015625 0.072222221875 0.0609375 0.10138888906250001 0.0484375 0.11388888906250001 0.04765625
0 0.525 0.221875 0.51805555625 0.22109375 0.51805555625 0.228125 0.5527777781250001 0.2640625 0.54305555625 0.2390625 0.525 0.221875
0 0.40416666718750005 0.76328125 0.40138888906250003 0.76796875 0.40138888906250003 0.8046875 0.41111111093749997 0.809375 0.4138888890625 0.7890625 0.40416666718750005 0.76328125
0 0.44305555625000004 0.32578125 0.4375 0.3265625 0.4361111109375 0.33359375 0.47361111093749997 0.37109375 0.4513888890625 0.33359375 0.44305555625000004 0.32578125
0 0.222222221875 0.325 0.2138888890625 0.321875 0.21944444375 0.33984375 0.24722222187499998 0.36484375 0.23194444375 0.33671875 0.222222221875 0.325
0 0.25555555625 0.4390625 0.24722222187499998 0.446875 0.240277778125 0.4609375 0.2388888890625 0.471875 0.2638888890625 0.44765625 0.2638888890625 0.43828125 0.25555555625 0.4390625
0 0.4138888890625 0.196875 0.40833333281249995 0.19765625 0.40833333281249995 0.21953125 0.415277778125 0.234375 0.41944444374999995 0.203125 0.4138888890625 0.196875
0 0.43055555625 0.24375 0.4361111109375 0.28125 0.44305555625000004 0.25 0.434722221875 0.23984375 0.43055555625 0.24375