1 0.91944444375 0.946875 0.9055555562500001 0.91171875 0.8791666671874999 0.890625 0.872222221875 0.88828125 0.8625 0.88984375 0.8611111109375 0.9015625 0.8736111109375001 0.91953125 0.91944444375 0.9609375 0.91944444375 0.946875
1 0.45277777812500003 0.9546875 0.44166666718750003 0.94765625 0.41944444374999995 0.94375 0.32777777812500003 0.9421875 0.3291666671875 0.9484375 0.39027777812500003 0.9578125 0.44305555625000004 0.96015625 0.45277777812500003 0.9546875
1 0.6319444437499999 0.9546875 0.5458333328125 0.9265625 0.5208333328125 0.92265625 0.5097222218749999 0.925 0.5097222218749999 0.9328125 0.5361111109375 0.94375 0.61944444375 0.95546875 0.6319444437499999 0.9546875
1 0.45416666718750004 0.71640625 0.44305555625000004 0.71015625 0.4166666671875 0.709375 0.377777778125 0.7125 0.334722221875 0.7203125 0.3291666671875 0.725 0.425 0.725 0.4458333328125 0.72265625 0.45416666718750004 0.71640625
1 0.3541666671875 0.89375 0.35 0.88515625 0.3333333328125 0.8890625 0.3138888890625 0.909375 0.2916666671875 0.9515625 0.31805555625 0.93515625 0.3416666671875 0.9125 0.3541666671875 0.89375
1 0.80694444375 0.6421875 0.797222221875 0.64453125 0.7916666671875 0.653125 0.8013888890624999 0.721875 0.809722221875 0.71015625 0.81805555625 0.65390625 0.80694444375 0.6421875
1 0.3583333328125 0.43515625 0.309722221875 0.40703125 0.28472222187499996 0.396875 0.2666666671875 0.39453125 0.2638888890625 0.4015625 0.2833333328125 0.415625 0.33055555625 0.43125 0.3583333328125 0.43515625
1 0.9277777781250001 0.765625 0.91944444375 0.75 0.9083333328125001 0.75 0.9041666671874999 0.7546875 0.9055555562500001 0.8109375 0.9111111109375001 0.81171875 0.925 0.7890625 0.9277777781250001 0.765625
1 0.6875 0.71640625 0.672222221875 0.70234375 0.6611111109375 0.70234375 0.6625 0.71875 0.6986111109375 0.76484375 0.7 0.7421875 0.6875 0.71640625
1 0.07083333281250001 0.190625 0.0638888890625 0.196875 0.052777778124999994 0.221875 0.055555556250000006 0.2515625 0.084722221875 0.20703125 0.08333333281250001 0.18828125 0.07083333281250001 0.190625
1 0.2638888890625 0.78359375 0.24722222187499998 0.77578125 0.23611111093749998 0.77734375 0.2416666671875 0.790625 0.30694444375 0.82578125 0.3013888890625 0.8140625 0.2638888890625 0.78359375
1 0.7013888890625 0.80234375 0.6958333328124999 0.8015625 0.6875 0.80625 0.6625 0.8609375 0.6611111109375 0.8703125 0.66944444375 0.86484375 0.7 0.82265625 0.7013888890625 0.80234375
1 0.925 0.86875 0.909722221875 0.85546875 0.9 0.8578125 0.9 0.87109375 0.934722221875 0.9109375 0.9361111109375001 0.8953125 0.925 0.86875
1 0.9069444437499999 0.97421875 0.9125 0.9703125 0.8822916671875 0.9619140625 0.8486111109375001 0.9453125 0.83194444375 0.9453125 0.83194444375 0.95390625 0.8625 0.96640625 0.8986111109375001 0.97421875 0.9069444437499999 0.97421875
1 0.1305458328125 0.953034375 0.11692777812499999 0.95488359375 0.10190138906249999 0.9572609375000001 0.0864041671875 0.9596375 0.11035416718749999 0.9651851562499999 0.13289444374999998 0.9620148437499999 0.15731250000000002 0.9583171875 0.183609721875 0.9556757812500001 0.1986375 0.94854375 0.20990694375 0.94035546875 0.2019236109375 0.93560078125 0.1873666671875 0.93533671875 0.1704611109375 0.939034375 0.14885972187500002 0.9432609375000001 0.1305458328125 0.953034375
1 0.22258611093749997 0.97707109375 0.24371805625 0.97601484375 0.24043055624999998 0.9702039062500001 0.2315083328125 0.9670335937500001 0.215072221875 0.9691468750000001 0.19910694375 0.963071875 0.1854888890625 0.9593734375 0.17093055625 0.9575250000000001 0.1582513890625 0.95541171875 0.1493291671875 0.9583171875 0.1474513890625 0.96465625 0.158722221875 0.969675 0.1812625 0.9733734374999999 0.2084986109375 0.9765429687499999 0.22258611093749997 0.97707109375