0 0.8638888890624999 0.94765625 0.875 0.940625 0.872222221875 0.93828125 0.81805555625 0.940625 0.79305555625 0.94765625 0.790277778125 0.9515625 0.79444444375 0.953125 0.825 0.953125 0.8638888890624999 0.94765625
0 0.5722222218749999 0.39609375 0.527777778125 0.36875 0.5083333328124999 0.36328125 0.5083333328124999 0.37265625 0.5263888890625 0.38359375 0.5555555562500001 0.39609375 0.5722222218749999 0.39609375
0 0.5138888890625 0.84765625 0.515277778125 0.84140625 0.497222221875 0.8390625 0.43194444374999996 0.84453125 0.43333333281249997 0.8484375 0.44444444375 0.85 0.4986111109375 0.85 0.5138888890625 0.84765625
0 0.825 0.70078125 0.809722221875 0.696875 0.7875 0.69765625 0.7388888890625 0.709375 0.7375 0.71640625 0.7486111109375 0.7171875 0.8055555562500001 0.70234375 0.825 0.70078125
0 0.17916666718750002 0.1734375 0.1611111109375 0.1578125 0.15 0.15625 0.15 0.1671875 0.20138888906250002 0.2015625 0.20277777812500003 0.196875 0.17916666718750002 0.1734375
0 0.85694444375 0.76796875 0.852777778125 0.76171875 0.840277778125 0.7671875 0.8236111109375001 0.80390625 0.8222222218749999 0.81015625 0.8263888890625 0.81171875 0.85 0.7828125 0.85694444375 0.76796875
0 0.6833333328125 0.46015625 0.6777777781250001 0.4546875 0.65 0.44375 0.6152777781250001 0.4375 0.6125 0.440625 0.6180555562500001 0.4453125 0.6638888890625 0.45859375 0.6833333328125 0.46015625
0 0.2638888890625 0.25 0.259722221875 0.25 0.24444444375000002 0.26875 0.23472222187499997 0.28671875 0.23472222187499997 0.296875 0.2416666671875 0.29765625 0.2625 0.2640625 0.2638888890625 0.25
0 0.28611111093749997 0.40390625 0.2708333328125 0.39140625 0.2388888890625 0.375 0.23194444375 0.375 0.22916666718749998 0.38203125 0.2375 0.3875 0.27638888906250003 0.403125 0.28611111093749997 0.40390625
0 0.322222221875 0.16484375 0.3166666671875 0.16015625 0.29722222187499997 0.1765625 0.290277778125 0.19375 0.2888888890625 0.20078125 0.29305555625 0.2015625 0.32083333281250004 0.1703125 0.322222221875 0.16484375
0 0.702777778125 0.8484375 0.6888888890625 0.87734375 0.6888888890625 0.890625 0.7138888890625 0.85390625 0.7125 0.8453125 0.702777778125 0.8484375
0 0.56805555625 0.3234375 0.5125 0.3296875 0.5111111109375 0.33359375 0.525 0.33671875 0.58194444375 0.32578125 0.56805555625 0.3234375
0 0.259722221875 0.4859375 0.22916666718749998 0.49453125 0.23194444375 0.5 0.24444444375000002 0.5 0.2958333328125 0.48125 0.259722221875 0.4859375
0 0.075 0.13515625 0.06527777812499999 0.13203125 0.0666666671875 0.14375 0.0916666671875 0.17421875 0.0861111109375 0.14921875 0.075 0.13515625
0 0.8666666671875 0.415625 0.8791666671874999 0.45390625 0.88055555625 0.42265625 0.872222221875 0.41328125 0.8666666671875 0.415625