1 0.9055555562500001 0.9125 0.8791666671874999 0.890625 0.8736111109375001 0.88828125 0.8611111109375 0.890625 0.8611111109375 0.9015625 0.877777778125 0.92421875 0.9208333328125 0.95703125 0.9055555562500001 0.9125
1 0.625 0.953125 0.6319444437499999 0.95078125 0.5291666671875 0.92734375 0.5083333328124999 0.92734375 0.502777778125 0.93046875 0.5013888890625 0.93515625 0.5166666671875 0.94296875 0.5416666671875 0.94765625 0.625 0.953125
1 0.45 0.95703125 0.4458333328125 0.95078125 0.41944444374999995 0.94453125 0.322222221875 0.9421875 0.32777777812500003 0.94765625 0.39027777812500003 0.95859375 0.440277778125 0.9609375 0.45 0.95703125
1 0.3513888890625 0.890625 0.3458333328125 0.8859375 0.3375 0.88671875 0.3236111109375 0.8953125 0.2986111109375 0.93359375 0.2916666671875 0.95234375 0.3263888890625 0.9265625 0.34861111093749997 0.90234375 0.3513888890625 0.890625
1 0.434722221875 0.71953125 0.4263888890625 0.71484375 0.40833333281249995 0.7140625 0.3138888890625 0.72421875 0.3125 0.72890625 0.3888888890625 0.73046875 0.4236111109375 0.72734375 0.434722221875 0.71953125
1 0.8125 0.69375 0.8125 0.659375 0.8013888890624999 0.64765625 0.79444444375 0.64765625 0.7875 0.653125 0.7861111109375 0.665625 0.797222221875 0.6953125 0.8013888890624999 0.7265625 0.8125 0.69375
1 0.084722221875 0.18828125 0.0791666671875 0.1875 0.06944444375 0.1921875 0.054166667187499996 0.21640625 0.0513888890625 0.2484375 0.055555556250000006 0.2546875 0.0861111109375 0.20546875 0.084722221875 0.18828125
1 0.709722221875 0.8234375 0.7208333328125 0.8046875 0.7208333328125 0.77890625 0.7083333328125 0.76328125 0.7 0.759375 0.690277778125 0.76171875 0.690277778125 0.771875 0.70555555625 0.7984375 0.702777778125 0.821875 0.709722221875 0.8234375
1 0.922222221875 0.75390625 0.909722221875 0.75078125 0.9 0.76171875 0.9055555562500001 0.8109375 0.9111111109375001 0.81328125 0.9263888890624999 0.7828125 0.922222221875 0.75390625
1 0.575 0.5125 0.5527777781250001 0.496875 0.5361111109375 0.49453125 0.5333333328125 0.50078125 0.54305555625 0.5140625 0.6083333328125 0.54921875 0.575 0.5125
1 0.30694444375 0.8234375 0.259722221875 0.79296875 0.23333333281250002 0.7828125 0.21944444375 0.78359375 0.21944444375 0.79140625 0.23611111093749998 0.80078125 0.29722222187499997 0.82265625 0.30694444375 0.8234375
1 0.797222221875 0.9 0.7916666671875 0.896875 0.7333333328125 0.8984375 0.6972222218749999 0.89453125 0.6777777781250001 0.89765625 0.6791666671875001 0.9046875 0.7041666671875 0.9078125 0.752777778125 0.90703125 0.797222221875 0.9
1 0.9166666671874999 0.97421875 0.9166666671874999 0.97109375 0.8791666671874999 0.96015625 0.8541666671874999 0.946875 0.8361111109375001 0.94453125 0.8333333328125001 0.953125 0.852777778125 0.9625 0.8916666671875 0.97421875 0.9166666671874999 0.97421875
1 0.9361111109375001 0.91015625 0.9333333328125001 0.87734375 0.9236111109375 0.87109375 0.9125 0.875 0.915277778125 0.9015625 0.9236111109375 0.91796875 0.93194444375 0.921875 0.9361111109375001 0.91015625
1 0.1657333328125 0.97029140625 0.175752778125 0.97170078125 0.1861888890625 0.97357890625 0.195790278125 0.9759273437499999 0.2095666671875 0.9759273437499999 0.2187513890625 0.97522265625 0.23044027812499998 0.974753125 0.242547221875 0.974753125 0.2471388890625 0.97357890625 0.23711944375 0.9679437500000001 0.2308583328125 0.9679437500000001 0.2237611109375 0.9679437500000001 0.2137416671875 0.9660648437500001 0.2070625 0.964890625 0.19161666718749998 0.96113359375 0.183684721875 0.96019453125 0.173247221875 0.95784609375 0.16239305625 0.9576109374999999 0.15279166718749998 0.9594898437499999 0.149452778125 0.96536015625 0.15237499999999998 0.96935234375 0.1657333328125 0.97029140625
1 0.1419375 0.96136796875 0.15863611093750002 0.9571414062500001 0.16740277812499998 0.9557328125 0.1807625 0.9536187500000001 0.1874416671875 0.9496273437499999 0.20038333281249998 0.94563515625 0.2070625 0.93999921875 0.19704305625000001 0.93906015625 0.1870236109375 0.940234375 0.1719958328125 0.94305234375 0.15821944375000002 0.94892265625 0.141102778125 0.9536187500000001 0.12148194375000002 0.95643671875 0.09810416718750001 0.9592546875 0.1122986109375 0.9620726562499999 0.12565694375 0.9625421875000001 0.1419375 0.96136796875