0 0.165277778125 0.2234375 0.1513888890625 0.20546875 0.15277777812499999 0.18515625 0.14305555625 0.18984375 0.1416666671875 0.2078125 0.1541666671875 0.23046875 0.1611111109375 0.234375 0.165277778125 0.2234375
0 0.8763888890624999 0.92578125 0.872222221875 0.9234375 0.8541666671874999 0.93125 0.8083333328125001 0.9328125 0.7791666671875 0.940625 0.7805555562500001 0.9484375 0.834722221875 0.94453125 0.8736111109375001 0.93515625 0.8763888890624999 0.92578125
0 0.8027777781250001 0.5671875 0.7958333328125 0.5546875 0.75555555625 0.5328125 0.74444444375 0.53046875 0.75 0.5390625 0.7819444437499999 0.56015625 0.7958333328125 0.5671875 0.8027777781250001 0.5671875
0 0.80694444375 0.8875 0.809722221875 0.88203125 0.8041666671875 0.875 0.7597222218749999 0.84609375 0.7583333328124999 0.85 0.777777778125 0.8703125 0.7958333328125 0.884375 0.80694444375 0.8875
0 0.709722221875 0.44921875 0.709722221875 0.42890625 0.702777778125 0.4078125 0.7 0.40625 0.6958333328124999 0.409375 0.6958333328124999 0.4453125 0.6972222218749999 0.45078125 0.7041666671875 0.453125 0.709722221875 0.44921875
0 0.3861111109375 0.19296875 0.3875 0.17578125 0.35972222187499997 0.2109375 0.35972222187499997 0.221875 0.365277778125 0.2234375 0.3736111109375 0.2171875 0.3861111109375 0.19296875
0 0.4861111109375 0.3953125 0.49305555625 0.39609375 0.497222221875 0.3875 0.490277778125 0.36875 0.46944444374999994 0.35703125 0.459722221875 0.35703125 0.4763888890625 0.36796875 0.48194444374999995 0.38828125 0.4861111109375 0.3953125
0 0.384722221875 0.4765625 0.38194444375000003 0.45625 0.36805555624999997 0.4328125 0.36944444375 0.47421875 0.3736111109375 0.48125 0.38055555625 0.48203125 0.384722221875 0.4765625
0 0.5958333328125 0.5015625 0.5916666671875 0.50859375 0.5930555562500001 0.5421875 0.602777778125 0.55234375 0.6083333328125 0.54375 0.5958333328125 0.5015625
0 0.3333333328125 0.2328125 0.334722221875 0.22578125 0.302777778125 0.1953125 0.3013888890625 0.2046875 0.309722221875 0.21796875 0.322222221875 0.23046875 0.3333333328125 0.2328125
0 0.5361111109375 0.59453125 0.5388888890625 0.58515625 0.5291666671875 0.5703125 0.51944444375 0.5640625 0.502777778125 0.56015625 0.502777778125 0.5640625 0.515277778125 0.5703125 0.5263888890625 0.59140625 0.5361111109375 0.59453125
0 0.75555555625 0.6 0.7666666671875 0.59140625 0.7666666671875 0.57890625 0.7638888890625 0.56953125 0.7513888890625 0.56171875 0.747222221875 0.56796875 0.7569444437499999 0.58671875 0.747222221875 0.59921875 0.75555555625 0.6
0 0.4138888890625 0.30078125 0.3958333328125 0.30703125 0.3638888890625 0.3234375 0.36666666718749996 0.32890625 0.375 0.328125 0.41944444374999995 0.30234375 0.4138888890625 0.30078125
0 0.6375 0.90703125 0.5930555562500001 0.90703125 0.5722222218749999 0.90234375 0.5861111109375 0.91171875 0.6180555562500001 0.91484375 0.640277778125 0.9125 0.6375 0.90703125
0 0.8222222218749999 0.4578125 0.8208333328125 0.4984375 0.8291666671875 0.5015625 0.8333333328125001 0.49140625 0.8222222218749999 0.4578125