0 0.39691944375 0.11174765625000001 0.4175541671875 0.09763671874999999 0.419172221875 0.09285703125 0.4102708328125 0.09080859375 0.39813333281249996 0.09763671874999999 0.382352778125 0.10878828125 0.370215278125 0.12176093750000001 0.36508888906250003 0.13256796875000001 0.382352778125 0.11834765625000002 0.39691944375 0.11174765625000001
0 0.3637416671875 0.13154765625 0.38923194375 0.131775 0.3985375 0.12949921874999998 0.3985375 0.12676796875000002 0.3868041671875 0.12426484374999999 0.36819166718749996 0.12244375 0.35726805625 0.12221640625 0.3366333328125 0.12312656250000001 0.313165278125 0.12494765625 0.315997221875 0.12836171875 0.342297221875 0.13018203125 0.3637416671875 0.13154765625
0 0.102365278125 0.09058125 0.11774027812500001 0.094678125 0.1258333328125 0.09945703125000001 0.12906944375 0.09968515624999999 0.1173875 0.0899921875 0.1062541671875 0.08549921875 0.0905208328125 0.08209531249999999 0.0779361109375 0.07828359375 0.0651083328125 0.07460781250000001 0.056240278125 0.0764703125 0.057050000000000003 0.08125 0.0732333328125 0.08557421875 0.0910361109375 0.08967109375 0.102365278125 0.09058125
0 0.071884721875 0.11123046875 0.0774513890625 0.10673828125 0.083259721875 0.10115624999999999 0.0876166671875 0.095165625 0.09124722187499999 0.09067265625000001 0.0982666671875 0.083184375 0.1038333328125 0.077603125 0.11012638906250001 0.0717484375 0.113272221875 0.06494140625 0.10915833281250001 0.065621875 0.0956041671875 0.07324609374999999 0.08519722187499999 0.078828125 0.0752736109375 0.08604375 0.07212638906249999 0.08944765625 0.0631708328125 0.10020312499999999 0.057362500000000004 0.10551250000000001 0.0580888890625 0.111503125 0.062445832812500005 0.1125921875 0.071884721875 0.11123046875
0 0.5809972218749999 0.753315625 0.577775 0.74642734375 0.5742305562500001 0.7455210937500001 0.5684305562499999 0.75041484375 0.566175 0.761109375 0.5652083328125 0.77252890625 0.5645638890625 0.7857609375 0.5648861109375 0.7935546875 0.571975 0.7843109375 0.5768083328125 0.76944765625 0.5809972218749999 0.753315625
0 0.5977541671875 0.7892046875000001 0.58131944375 0.7877546875 0.563275 0.7841296875 0.5545736109375 0.7832234375 0.5590861109375 0.7861234375 0.57713055625 0.7915609375 0.5958208328125 0.79681796875 0.6145111109375 0.8013492187500001 0.6319111109375 0.80334296875 0.64125694375 0.80189296875 0.6396458328125 0.7982679687500001 0.62385555625 0.7928296875 0.5977541671875 0.7892046875000001
0 0.797222221875 0.92734375 0.7888888890625 0.9234375 0.7166666671875 0.921875 0.6916666671875 0.92734375 0.690277778125 0.93125 0.6972222218749999 0.93515625 0.7291666671875 0.93515625 0.797222221875 0.92734375
0 0.4916666671875 0.25546875 0.48472222187499997 0.25390625 0.4388888890625 0.2546875 0.40972222187499996 0.25859375 0.40694444374999994 0.26328125 0.47361111093749997 0.2640625 0.49305555625 0.26015625 0.4916666671875 0.25546875
0 0.2486111109375 0.071875 0.20277777812500003 0.07890625 0.190277778125 0.08515625 0.19305555624999998 0.09140625 0.21111111093749999 0.0890625 0.24722222187499998 0.0765625 0.2486111109375 0.071875
0 0.2388888890625 0.265625 0.22916666718749998 0.27265625 0.222222221875 0.290625 0.2208333328125 0.31328125 0.240277778125 0.28203125 0.24305555625 0.26953125 0.2388888890625 0.265625
0 0.5291666671875 0.2125 0.525 0.21640625 0.5069444437499999 0.2484375 0.50555555625 0.25703125 0.5361111109375 0.22265625 0.5375 0.2125 0.5291666671875 0.2125
0 0.459722221875 0.36015625 0.4 0.34921875 0.40138888906250003 0.353125 0.45 0.3671875 0.46527777812500004 0.3671875 0.459722221875 0.36015625
0 0.4625 0.2078125 0.45277777812500003 0.2046875 0.40833333281249995 0.22109375 0.40694444374999994 0.22421875 0.4138888890625 0.22421875 0.447222221875 0.21640625 0.4625 0.2078125
0 0.302777778125 0.0390625 0.2986111109375 0.034375 0.2916666671875 0.03671875 0.2916666671875 0.0546875 0.29722222187499997 0.06796875 0.30416666718749996 0.07109375 0.302777778125 0.0390625
0 0.334722221875 0.1984375 0.3291666671875 0.19921875 0.33055555625 0.20859375 0.365277778125 0.23671875 0.34305555625 0.20390625 0.334722221875 0.1984375