1 0.9041666671874999 0.9109375 0.8791666671874999 0.890625 0.8652777781250001 0.8890625 0.8625 0.89140625 0.8625 0.90234375 0.88055555625 0.9265625 0.9236111109375 0.959375 0.9041666671874999 0.9109375
1 0.5708333328124999 0.95390625 0.6291666671875 0.9546875 0.6263888890625 0.95078125 0.5916666671875 0.94609375 0.54444444375 0.934375 0.5166666671875 0.93203125 0.50555555625 0.93515625 0.5041666671875 0.93984375 0.5097222218749999 0.94375 0.5333333328125 0.95 0.5708333328124999 0.95390625
1 0.4486111109375 0.95859375 0.4486111109375 0.9546875 0.4291666671875 0.946875 0.3291666671875 0.9421875 0.33194444375 0.9484375 0.3916666671875 0.959375 0.44166666718750003 0.96171875 0.4486111109375 0.95859375
1 0.8055555562500001 0.65390625 0.797222221875 0.653125 0.7888888890625 0.6578125 0.7986111109375 0.7328125 0.8111111109375001 0.70625 0.8138888890624999 0.67265625 0.8055555562500001 0.65390625
1 0.352777778125 0.8890625 0.34861111093749997 0.88671875 0.3291666671875 0.89296875 0.29722222187499997 0.940625 0.29444444375 0.95078125 0.3166666671875 0.9359375 0.35 0.90390625 0.352777778125 0.8890625
1 0.41944444374999995 0.72734375 0.42222222187499997 0.721875 0.415277778125 0.71796875 0.39444444375 0.7171875 0.30694444375 0.72734375 0.302777778125 0.728125 0.32083333281250004 0.73203125 0.4 0.73203125 0.41944444374999995 0.72734375
1 0.9111111109375001 0.81640625 0.9263888890624999 0.79140625 0.9277777781250001 0.7671875 0.9208333328125 0.7546875 0.9125 0.753125 0.9041666671874999 0.759375 0.9013888890624999 0.7796875 0.9069444437499999 0.78984375 0.9069444437499999 0.81484375 0.9111111109375001 0.81640625
1 0.6138888890625 0.55234375 0.5722222218749999 0.50859375 0.55694444375 0.49921875 0.54444444375 0.49921875 0.54305555625 0.50703125 0.55 0.51796875 0.5875 0.54140625 0.6138888890625 0.55234375
1 0.084722221875 0.18828125 0.07638888906249999 0.1890625 0.0666666671875 0.19765625 0.055555556250000006 0.22265625 0.054166667187499996 0.24765625 0.059722221875 0.25 0.0888888890625 0.20234375 0.084722221875 0.18828125
1 0.3013888890625 0.81796875 0.2625 0.796875 0.2375 0.78671875 0.2208333328125 0.7859375 0.21944444375 0.79453125 0.2375 0.803125 0.30694444375 0.82578125 0.3013888890625 0.81796875
1 0.9263888890624999 0.9734375 0.9263888890624999 0.96953125 0.8916666671875 0.96796875 0.8486111109375001 0.94609375 0.834722221875 0.946875 0.8375 0.95703125 0.890277778125 0.97578125 0.9125 0.9765625 0.9263888890624999 0.9734375
1 0.9375 0.8796875 0.9277777781250001 0.8734375 0.9166666671874999 0.87890625 0.9166666671874999 0.90234375 0.9305555562500001 0.925 0.9375 0.9109375 0.9375 0.8796875
1 0.162552778125 0.9448359375000001 0.14845 0.9481765624999999 0.1306361109375 0.9510992187499999 0.1232138890625 0.9565265625 0.10465694375000001 0.960284375 0.10836805625000001 0.9657117187500001 0.1276666671875 0.96195390625 0.16329444375 0.958196875 0.1892736109375 0.95485625 0.20040694375 0.95151640625 0.20782916718750002 0.9448359375000001 0.1974375 0.9385734375 0.1818513890625 0.9385734375 0.1692333328125 0.94191328125 0.162552778125 0.9448359375000001
1 0.2419736109375 0.97740234375 0.25459166718750004 0.97322734375 0.23380833281250002 0.96738203125 0.21376805625 0.9669640625 0.19818055625 0.964459375 0.18407777812499998 0.958196875 0.162552778125 0.95569140625 0.155872221875 0.9607015625 0.15513055625 0.9682171875 0.1677486109375 0.9723921875 0.1892736109375 0.9744796875 0.22341666718750003 0.9765671875 0.2419736109375 0.97740234375
1 0.7424875 0.89557734375 0.74020694375 0.9027226562499999 0.7421611109375 0.9084023437500001 0.738252778125 0.9145406250000001 0.7340180562499999 0.920678125 0.732390278125 0.92699921875 0.7315750000000001 0.9320375000000001 0.7327152781249999 0.9345109375 0.73988194375 0.9368015625 0.7488388890625 0.9343281250000001 0.7516069437499999 0.9280984374999999 0.7560041671875 0.920403125 0.75730694375 0.9170140625000001 0.7590986109375 0.91234140625 0.7604013890625 0.9052875 0.7590986109375 0.89585234375 0.7558416671875 0.8892562500000001 0.7503041671874999 0.8821101562500001 0.7377638890625 0.87404921875 0.7307611109375001 0.870934375 0.721315278125 0.8672695312500001 0.715777778125 0.8651625 0.719197221875 0.87230859375 0.7310861109375 0.8792703124999999 0.73971805625 0.8844007812499999 0.7418361109375 0.8909046875 0.7424875 0.89557734375
1 0.7053541671875 0.91664765625 0.7040513890625 0.92324296875 0.702259721875 0.9291976562500001 0.701772221875 0.9351523437499999 0.7016083328125 0.9417484375 0.704540278125 0.9469703125000001 0.710402778125 0.9511843750000001 0.7141486109375 0.9549406250000001 0.719197221875 0.9496265625 0.715615278125 0.9465125000000001 0.7185458328125 0.9414734375 0.72245555625 0.93176328125 0.727015278125 0.92498359375 0.7296208328125 0.9149984375000001 0.7320638890625 0.9079445312500001 0.732390278125 0.9003406249999999 0.72913194375 0.8952109374999999 0.7240833328125 0.89337890625 0.71138055625 0.8961265624999999 0.7091000000000001 0.8998828124999999 0.7068208328125001 0.9100515625 0.7053541671875 0.91664765625