0 0.9069444437499999 0.94765625 0.9083333328125001 0.94296875 0.8888888890625 0.9421875 0.8361111109375001 0.92734375 0.8222222218749999 0.92734375 0.8194444437499999 0.93515625 0.8458333328125001 0.94296875 0.8833333328125 0.94921875 0.9069444437499999 0.94765625
0 0.547222221875 0.2015625 0.5458333328125 0.19609375 0.525 0.18515625 0.47083333281249995 0.16796875 0.477777778125 0.1765625 0.515277778125 0.1953125 0.5333333328125 0.20234375 0.547222221875 0.2015625
0 0.502777778125 0.225 0.50555555625 0.21953125 0.477777778125 0.21796875 0.4236111109375 0.22421875 0.42222222187499997 0.228125 0.43055555625 0.23046875 0.48194444374999995 0.22890625 0.502777778125 0.225
0 0.42083333281249996 0.209375 0.40972222187499996 0.19921875 0.3791666671875 0.18828125 0.33888888906250003 0.18828125 0.34027777812500004 0.19296875 0.365277778125 0.19375 0.40555555625000006 0.21015625 0.42083333281249996 0.209375
0 0.65 0.27109375 0.64444444375 0.26640625 0.6138888890625 0.26171875 0.5694444437499999 0.2625 0.575 0.2671875 0.6013888890625 0.271875 0.6416666671875 0.275 0.65 0.27109375
0 0.69305555625 0.18125 0.6888888890625 0.175 0.6583333328125 0.16953125 0.6138888890625 0.16875 0.61944444375 0.1734375 0.6416666671875 0.178125 0.6736111109375 0.1828125 0.69305555625 0.18125
0 0.3736111109375 0.12265625 0.34722222187499996 0.10703125 0.3083333328125 0.09375 0.309722221875 0.0984375 0.352777778125 0.1234375 0.372222221875 0.128125 0.3736111109375 0.12265625
0 0.73194444375 0.31640625 0.7236111109375 0.3 0.6958333328124999 0.2796875 0.69305555625 0.2828125 0.7180555562500001 0.31875 0.727777778125 0.32421875 0.73194444375 0.31640625
0 0.40138888906250003 0.30390625 0.35 0.32578125 0.34861111093749997 0.33359375 0.3625 0.33203125 0.41944444374999995 0.30078125 0.40138888906250003 0.30390625
0 0.765277778125 0.6453125 0.7611111109375 0.63828125 0.73194444375 0.609375 0.73055555625 0.615625 0.7486111109375 0.646875 0.7625 0.65546875 0.765277778125 0.6453125
0 0.5375 0.30625 0.5388888890625 0.30234375 0.5208333328125 0.29140625 0.48194444374999995 0.27890625 0.48055555625 0.2828125 0.5166666671875 0.30234375 0.5291666671875 0.3078125 0.5375 0.30625
0 0.6736111109375 0.54921875 0.6763888890625 0.54296875 0.6416666671875 0.50546875 0.640277778125 0.5109375 0.6541666671875 0.5359375 0.665277778125 0.54765625 0.6736111109375 0.54921875
0 0.559722221875 0.3515625 0.5236111109375 0.32578125 0.525 0.33359375 0.547222221875 0.3578125 0.559722221875 0.3640625 0.559722221875 0.3515625
0 0.5708333328124999 0.49375 0.5486111109375 0.4671875 0.559722221875 0.5046875 0.5694444437499999 0.51015625 0.575 0.50625 0.5708333328124999 0.49375
0 0.772222221875 0.45859375 0.7402777781250001 0.490625 0.7388888890625 0.4984375 0.747222221875 0.49921875 0.7625 0.48203125 0.772222221875 0.45859375