0 0.890277778125 0.934375 0.8875 0.93125 0.81805555625 0.9390625 0.7986111109375 0.94609375 0.7958333328125 0.95234375 0.809722221875 0.95546875 0.86944444375 0.94296875 0.890277778125 0.934375
0 0.5361111109375 0.8578125 0.540277778125 0.85234375 0.5236111109375 0.84921875 0.45555555625000005 0.85625 0.45416666718750004 0.8609375 0.4625 0.8625 0.5125 0.8625 0.5361111109375 0.8578125
0 0.26944444375 0.321875 0.25833333281250004 0.31484375 0.190277778125 0.31328125 0.19305555624999998 0.31796875 0.2513888890625 0.32578125 0.2638888890625 0.32578125 0.26944444375 0.321875
0 0.497222221875 0.7703125 0.48055555625 0.7671875 0.425 0.775 0.4236111109375 0.7796875 0.46527777812500004 0.7796875 0.4916666671875 0.7765625 0.497222221875 0.7703125
0 0.4513888890625 0.29609375 0.4458333328125 0.29296875 0.42222222187499997 0.29453125 0.3736111109375 0.30546875 0.3763888890625 0.30859375 0.434722221875 0.30390625 0.4458333328125 0.3015625 0.4513888890625 0.29609375
0 0.3875 0.703125 0.372222221875 0.70390625 0.3263888890625 0.72421875 0.325 0.728125 0.352777778125 0.72421875 0.384722221875 0.71015625 0.3875 0.703125
0 0.8541666671874999 0.41875 0.8486111109375001 0.421875 0.8388888890624999 0.44921875 0.8388888890624999 0.46484375 0.8458333328125001 0.46796875 0.85694444375 0.44765625 0.8541666671874999 0.41875
0 0.8875 0.8421875 0.8819444437499999 0.82734375 0.8486111109375001 0.79921875 0.8513888890624999 0.81015625 0.86944444375 0.83359375 0.877777778125 0.84140625 0.8875 0.8421875
0 0.8194444437499999 0.865625 0.8291666671875 0.8671875 0.825 0.853125 0.790277778125 0.825 0.7861111109375 0.825 0.790277778125 0.83359375 0.809722221875 0.85625 0.8194444437499999 0.865625
0 0.6736111109375 0.79296875 0.6666666671875 0.79453125 0.675 0.8171875 0.6972222218749999 0.84296875 0.684722221875 0.80390625 0.6736111109375 0.79296875
0 0.259722221875 0.21015625 0.252777778125 0.2125 0.25 0.221875 0.2513888890625 0.26171875 0.2638888890625 0.23125 0.26527777812500003 0.21640625 0.259722221875 0.21015625
0 0.6111111109375 0.91953125 0.5986111109375 0.91796875 0.5375 0.92265625 0.5486111109375 0.92734375 0.5791666671875 0.92734375 0.60694444375 0.92421875 0.6111111109375 0.91953125
0 0.69305555625 0.72109375 0.6805555562500001 0.71484375 0.6805555562500001 0.72578125 0.7166666671875 0.7484375 0.7166666671875 0.74375 0.69305555625 0.72109375
0 0.61944444375 0.88828125 0.5625 0.89453125 0.6111111109375 0.896875 0.6361111109375 0.8921875 0.6319444437499999 0.88828125 0.61944444375 0.88828125
0 0.08194444375 0.1828125 0.06944444375 0.19921875 0.0666666671875 0.21640625 0.07083333281250001 0.21796875 0.084722221875 0.1921875 0.08194444375 0.1828125