1 0.9236111109375 0.959375 0.9083333328125001 0.91171875 0.8847222218749999 0.890625 0.877777778125 0.88828125 0.8680555562500001 0.890625 0.8666666671875 0.9 0.8763888890624999 0.91953125 0.9055555562500001 0.9484375 0.9236111109375 0.959375
1 0.625 0.9546875 0.6319444437499999 0.9515625 0.540277778125 0.940625 0.50555555625 0.94296875 0.5013888890625 0.9515625 0.525 0.95703125 0.5638888890625 0.95859375 0.625 0.9546875
1 0.6638888890625 0.771875 0.69305555625 0.771875 0.702777778125 0.7671875 0.6958333328124999 0.759375 0.6763888890625 0.75625 0.6013888890625 0.75703125 0.577777778125 0.759375 0.56805555625 0.76328125 0.5638888890625 0.76796875 0.56805555625 0.765625 0.6125 0.76484375 0.6638888890625 0.771875
1 0.434722221875 0.9609375 0.4458333328125 0.95703125 0.44444444375 0.95234375 0.427777778125 0.94609375 0.33194444375 0.94140625 0.32083333281250004 0.94140625 0.32083333281250004 0.9453125 0.39027777812500003 0.95859375 0.434722221875 0.9609375
1 0.3513888890625 0.88828125 0.3416666671875 0.8890625 0.32777777812500003 0.89609375 0.3013888890625 0.93046875 0.29305555625 0.95234375 0.34861111093749997 0.9078125 0.35555555625 0.8953125 0.3513888890625 0.88828125
1 0.40277777812500004 0.72890625 0.39305555625 0.72265625 0.3736111109375 0.72109375 0.2888888890625 0.7265625 0.2791666671875 0.728125 0.34444444375 0.7359375 0.3875 0.7359375 0.40277777812500004 0.72890625
1 0.6513888890625 0.5765625 0.6180555562500001 0.52578125 0.60694444375 0.51796875 0.5958333328125 0.5203125 0.5944444437499999 0.52890625 0.602777778125 0.5421875 0.6291666671875 0.5640625 0.6513888890625 0.5765625
1 0.9277777781250001 0.79921875 0.9277777781250001 0.7734375 0.91944444375 0.759375 0.909722221875 0.75859375 0.902777778125 0.76640625 0.9013888890624999 0.78203125 0.9125 0.8046875 0.9125 0.821875 0.9277777781250001 0.79921875
1 0.825 0.93515625 0.825 0.9328125 0.74444444375 0.9375 0.7208333328125 0.94609375 0.7208333328125 0.95234375 0.7416666671875001 0.95390625 0.79305555625 0.94375 0.825 0.93515625
1 0.0861111109375 0.18515625 0.0791666671875 0.18515625 0.06944444375 0.1921875 0.058333332812500006 0.221875 0.059722221875 0.2515625 0.0875 0.20703125 0.090277778125 0.190625 0.0861111109375 0.18515625
1 0.259722221875 0.81796875 0.3166666671875 0.82578125 0.2708333328125 0.80625 0.2208333328125 0.79453125 0.2138888890625 0.7984375 0.215277778125 0.8015625 0.22777777812500002 0.809375 0.259722221875 0.81796875
1 0.20138888906250002 0.95078125 0.20277777812500003 0.94453125 0.18194444375000002 0.9421875 0.10138888906250001 0.9578125 0.1111111109375 0.9609375 0.15277777812499999 0.9609375 0.19305555624999998 0.9546875 0.20138888906250002 0.95078125
1 0.79444444375 0.70859375 0.790277778125 0.7078125 0.7736111109375 0.71875 0.7236111109375 0.73671875 0.7041666671875 0.74765625 0.702777778125 0.75625 0.7180555562500001 0.75546875 0.765277778125 0.73046875 0.79444444375 0.70859375
1 0.909722221875 0.97421875 0.9055555562500001 0.9703125 0.8861111109375001 0.9671875 0.85694444375 0.9546875 0.827777778125 0.9515625 0.825 0.95703125 0.8375 0.96484375 0.8763888890624999 0.9734375 0.909722221875 0.97421875
1 0.940277778125 0.88828125 0.93194444375 0.87890625 0.9208333328125 0.884375 0.9208333328125 0.9125 0.93194444375 0.93046875 0.9388888890624999 0.915625 0.940277778125 0.88828125
1 0.25555555625 0.9703125 0.15694444375 0.96875 0.15694444375 0.9765625 0.18194444375000002 0.97890625 0.2513888890625 0.9734375 0.25555555625 0.9703125