0 0.8736111109375001 0.940625 0.8166666671874999 0.9390625 0.8 0.94140625 0.7888888890625 0.94765625 0.790277778125 0.95234375 0.809722221875 0.95546875 0.872222221875 0.94765625 0.8736111109375001 0.940625
0 0.8055555562500001 0.40703125 0.7888888890625 0.4 0.7388888890625 0.39921875 0.725 0.4015625 0.7208333328125 0.4078125 0.727777778125 0.41171875 0.8055555562500001 0.41171875 0.8055555562500001 0.40703125
0 0.6666666671875 0.7125 0.6513888890625 0.7078125 0.61944444375 0.7078125 0.5791666671875 0.7140625 0.5791666671875 0.71953125 0.5930555562500001 0.721875 0.6611111109375 0.715625 0.6666666671875 0.7125
0 0.534722221875 0.8484375 0.534722221875 0.8453125 0.522222221875 0.840625 0.45 0.83671875 0.45 0.84140625 0.4791666671875 0.846875 0.5208333328125 0.85078125 0.534722221875 0.8484375
0 0.4861111109375 0.35703125 0.4458333328125 0.3578125 0.40833333281249995 0.3625 0.40555555625000006 0.36875 0.415277778125 0.371875 0.48333333281249996 0.36171875 0.4861111109375 0.35703125
0 0.747222221875 0.8546875 0.75555555625 0.8453125 0.7402777781250001 0.8453125 0.690277778125 0.86875 0.6875 0.87265625 0.6958333328124999 0.8734375 0.7194444437499999 0.865625 0.747222221875 0.8546875
0 0.17916666718750002 0.18046875 0.16944444375 0.17265625 0.1625 0.1734375 0.165277778125 0.1890625 0.1888888890625 0.2234375 0.1916666671875 0.21640625 0.17916666718750002 0.18046875
0 0.3 0.16875 0.28472222187499996 0.1765625 0.2611111109375 0.19609375 0.25833333281250004 0.20546875 0.30416666718749996 0.18046875 0.309722221875 0.16953125 0.3 0.16875
0 0.8819444437499999 0.72109375 0.872222221875 0.7125 0.8680555562500001 0.71484375 0.8708333328125001 0.73671875 0.88055555625 0.76328125 0.8847222218749999 0.7640625 0.8819444437499999 0.72109375
0 0.2486111109375 0.38828125 0.2513888890625 0.37265625 0.2236111109375 0.40078125 0.21944444375 0.4078125 0.2236111109375 0.41484375 0.23194444375 0.41171875 0.2486111109375 0.38828125
0 0.477777778125 0.4328125 0.425 0.4625 0.4236111109375 0.4671875 0.434722221875 0.46875 0.46527777812500004 0.44765625 0.477777778125 0.4328125
0 0.50555555625 0.30859375 0.46527777812500004 0.31484375 0.4625 0.321875 0.47361111093749997 0.32265625 0.527777778125 0.31015625 0.50555555625 0.30859375
0 0.084722221875 0.15390625 0.06944444375 0.1453125 0.07083333281250001 0.15625 0.0958333328125 0.184375 0.102777778125 0.1859375 0.084722221875 0.15390625
0 0.28055555625 0.47734375 0.21944444375 0.4875 0.2208333328125 0.49296875 0.2513888890625 0.48984375 0.27638888906250003 0.48203125 0.28055555625 0.47734375
0 0.2541666671875 0.5296875 0.23611111093749998 0.5578125 0.23472222187499997 0.56796875 0.240277778125 0.5703125 0.25 0.56015625 0.2541666671875 0.5296875