0 0.8819444437499999 0.93125 0.86944444375 0.9296875 0.8361111109375001 0.9375 0.809722221875 0.93828125 0.7875 0.94765625 0.7875 0.9546875 0.80694444375 0.95546875 0.88055555625 0.93515625 0.8819444437499999 0.93125
0 0.490277778125 0.86875 0.5083333328124999 0.86875 0.5138888890625 0.865625 0.5069444437499999 0.86015625 0.4388888890625 0.85625 0.4236111109375 0.85703125 0.4291666671875 0.8609375 0.45277777812500003 0.865625 0.490277778125 0.86875
0 0.3541666671875 0.86328125 0.352777778125 0.85546875 0.3375 0.8609375 0.3291666671875 0.87421875 0.3291666671875 0.8984375 0.34027777812500004 0.9046875 0.3416666671875 0.884375 0.3541666671875 0.86328125
0 0.5888888890625 0.89296875 0.5916666671875 0.8875 0.5736111109375 0.8859375 0.5166666671875 0.89453125 0.5097222218749999 0.89609375 0.5111111109375 0.9 0.56805555625 0.89765625 0.5888888890625 0.89296875
0 0.24722222187499998 0.30390625 0.23472222187499997 0.309375 0.21944444375 0.33671875 0.215277778125 0.3546875 0.240277778125 0.3296875 0.25 0.3109375 0.24722222187499998 0.30390625
0 0.38055555625 0.3140625 0.38055555625 0.309375 0.36666666718749996 0.31015625 0.3291666671875 0.3296875 0.32083333281250004 0.33671875 0.322222221875 0.3421875 0.3708333328125 0.32109375 0.38055555625 0.3140625
0 0.7083333328125 0.8296875 0.7 0.828125 0.6944444437499999 0.83359375 0.69305555625 0.871875 0.6972222218749999 0.88203125 0.7083333328125 0.84921875 0.7083333328125 0.8296875
0 0.40555555625000006 0.79375 0.40138888906250003 0.78671875 0.3916666671875 0.78984375 0.38333333281250004 0.81015625 0.3763888890625 0.834375 0.3888888890625 0.82578125 0.397222221875 0.8109375 0.40555555625000006 0.79375
0 0.30694444375 0.72734375 0.3083333328125 0.7203125 0.28194444375 0.71171875 0.272222221875 0.696875 0.26805555625 0.696875 0.2666666671875 0.709375 0.2736111109375 0.71640625 0.290277778125 0.725 0.30694444375 0.72734375
0 0.8333333328125001 0.86171875 0.8263888890625 0.85234375 0.7875 0.82890625 0.7833333328125 0.83046875 0.8055555562500001 0.85 0.825 0.8625 0.8333333328125001 0.86171875
0 0.8916666671875 0.84140625 0.89444444375 0.8375 0.8875 0.82890625 0.85694444375 0.80625 0.852777778125 0.80625 0.852777778125 0.8109375 0.8680555562500001 0.8265625 0.8916666671875 0.84140625
0 0.0625 0.18671875 0.055555556250000006 0.18671875 0.05694444375 0.20703125 0.06805555625000001 0.23046875 0.06944444375 0.1953125 0.0625 0.18671875
0 0.1263888890625 0.29296875 0.127777778125 0.30390625 0.165277778125 0.33359375 0.13888888906250002 0.296875 0.1263888890625 0.29296875
0 0.734722221875 0.76171875 0.7333333328125 0.7703125 0.7625 0.79609375 0.747222221875 0.77109375 0.734722221875 0.76171875
0 0.8611111109375 0.3421875 0.8444444437499999 0.3203125 0.847222221875 0.3546875 0.852777778125 0.365625 0.8611111109375 0.36875 0.8611111109375 0.3421875