0 0.88055555625 0.946875 0.8666666671875 0.93984375 0.797222221875 0.9390625 0.790277778125 0.94296875 0.797222221875 0.95078125 0.8611111109375 0.9515625 0.88055555625 0.946875
0 0.497222221875 0.85390625 0.51944444375 0.8546875 0.525 0.85234375 0.5138888890625 0.84453125 0.45 0.83671875 0.4388888890625 0.83671875 0.4388888890625 0.83984375 0.46388888906250003 0.84765625 0.497222221875 0.85390625
0 0.6319444437499999 0.73203125 0.6388888890625 0.72734375 0.6 0.728125 0.5513888890625 0.73515625 0.5486111109375 0.740625 0.5555555562500001 0.7421875 0.58055555625 0.74140625 0.6319444437499999 0.73203125
0 0.7430555562500001 0.91015625 0.7736111109375 0.90390625 0.7708333328125 0.90078125 0.6916666671875 0.9 0.690277778125 0.90390625 0.6986111109375 0.90859375 0.7111111109375 0.91015625 0.7430555562500001 0.91015625
0 0.3111111109375 0.20078125 0.3013888890625 0.196875 0.26805555625 0.1921875 0.2375 0.19375 0.23194444375 0.196875 0.29305555625 0.20546875 0.3111111109375 0.2046875 0.3111111109375 0.20078125
0 0.675 0.38671875 0.6416666671875 0.39609375 0.609722221875 0.4109375 0.60555555625 0.41640625 0.6111111109375 0.41953125 0.6611111109375 0.39921875 0.675 0.38671875
0 0.184722221875 0.19453125 0.18055555625 0.18515625 0.172222221875 0.184375 0.16805555625 0.2 0.17361111093749998 0.225 0.18055555625 0.23359375 0.184722221875 0.19453125
0 0.41805555625 0.3953125 0.434722221875 0.36015625 0.40555555625000006 0.38671875 0.3986111109375 0.396875 0.4 0.40546875 0.40972222187499996 0.40390625 0.41805555625 0.3953125
0 0.3986111109375 0.4796875 0.35 0.5046875 0.3458333328125 0.51328125 0.35555555625 0.5140625 0.3875 0.4953125 0.3986111109375 0.4796875
0 0.25694444375000003 0.5734375 0.26527777812500003 0.5640625 0.2541666671875 0.5640625 0.20972222187499998 0.58828125 0.2125 0.59375 0.22638888906250001 0.590625 0.2416666671875 0.57890625 0.25694444375000003 0.5734375
0 0.2166666671875 0.48515625 0.19305555624999998 0.4546875 0.20694444375 0.4984375 0.2166666671875 0.50234375 0.2208333328125 0.49765625 0.2166666671875 0.48515625
0 0.8666666671875 0.68984375 0.859722221875 0.68984375 0.859722221875 0.70859375 0.872222221875 0.73515625 0.872222221875 0.69765625 0.8666666671875 0.68984375
0 0.1458333328125 0.465625 0.1458333328125 0.44609375 0.13888888906250002 0.4453125 0.134722221875 0.45078125 0.1361111109375 0.4703125 0.14444444375 0.478125 0.1583333328125 0.4828125 0.1458333328125 0.465625
0 0.1 0.18125 0.08055555625000001 0.16171875 0.075 0.16171875 0.07638888906249999 0.16953125 0.10694444375 0.2046875 0.1 0.18125
0 0.46944444374999994 0.3328125 0.47222222187499996 0.35 0.4791666671875 0.34296875 0.477777778125 0.3125 0.46944444374999994 0.3328125