1 0.3638888890625 0.8921875 0.365277778125 0.87890625 0.35972222187499997 0.8765625 0.352777778125 0.878125 0.3333333328125 0.89140625 0.29722222187499997 0.9453125 0.3291666671875 0.92734375 0.3458333328125 0.91328125 0.3638888890625 0.8921875
1 0.8430555562500001 0.70078125 0.8638888890624999 0.66875 0.8638888890624999 0.6546875 0.8513888890624999 0.653125 0.8375 0.6640625 0.8236111109375001 0.70234375 0.8055555562500001 0.7234375 0.809722221875 0.72578125 0.8430555562500001 0.70078125
1 0.840277778125 0.521875 0.85 0.50625 0.8444444437499999 0.50078125 0.83194444375 0.50234375 0.8138888890624999 0.51328125 0.7819444437499999 0.5578125 0.7861111109375 0.56328125 0.7819444437499999 0.56953125 0.7986111109375 0.5515625 0.840277778125 0.521875
1 0.5041666671875 0.2671875 0.5319444437499999 0.26875 0.54444444375 0.26796875 0.5486111109375 0.26484375 0.54305555625 0.2578125 0.5125 0.25 0.434722221875 0.24140625 0.43333333281249997 0.24453125 0.440277778125 0.24765625 0.4763888890625 0.25625 0.5041666671875 0.2671875
1 0.590277778125 0.5078125 0.577777778125 0.51015625 0.5708333328124999 0.525 0.56805555625 0.57734375 0.575 0.5796875 0.597222221875 0.52109375 0.590277778125 0.5078125
1 0.4583333328125 0.909375 0.45694444375 0.90390625 0.43333333281249997 0.9078125 0.384722221875 0.93046875 0.35 0.9375 0.3611111109375 0.94140625 0.40694444374999994 0.934375 0.4513888890625 0.91640625 0.4583333328125 0.909375
1 0.9111111109375001 0.7515625 0.89305555625 0.7515625 0.8638888890624999 0.76015625 0.827777778125 0.778125 0.8263888890625 0.78515625 0.8416666671874999 0.7875 0.9069444437499999 0.75703125 0.9111111109375001 0.7515625
1 0.0875 0.190625 0.077777778125 0.19140625 0.0666666671875 0.2015625 0.055555556250000006 0.228125 0.055555556250000006 0.25390625 0.0888888890625 0.21015625 0.0916666671875 0.19375 0.0875 0.190625
1 0.9291666671875 0.778125 0.9236111109375 0.76796875 0.9166666671874999 0.76484375 0.909722221875 0.765625 0.9041666671874999 0.7734375 0.902777778125 0.78828125 0.91944444375 0.82578125 0.9277777781250001 0.80546875 0.9291666671875 0.778125
1 0.38194444375000003 0.80546875 0.365277778125 0.80078125 0.30555555624999997 0.8 0.2666666671875 0.803125 0.35694444375 0.81484375 0.38194444375000003 0.8109375 0.38194444375000003 0.80546875
1 0.7916666671875 0.4421875 0.7861111109375 0.43515625 0.7763888890625 0.43671875 0.772222221875 0.4484375 0.7708333328125 0.503125 0.7805555562500001 0.49765625 0.790277778125 0.4578125 0.7916666671875 0.4421875
1 0.865952778125 0.92719921875 0.8615263890625 0.93466953125 0.85820694375 0.9393382812500001 0.8537805562499999 0.9443179687500001 0.8526736109374999 0.9508539062500001 0.8493541671875 0.9577015624999999 0.8465875 0.9657937499999999 0.8510138890625001 0.9689062500000001 0.8521208328125001 0.96454921875 0.85599305625 0.9580125 0.8620805562499999 0.9530328125 0.865952778125 0.94898671875 0.8687194437500001 0.9430734375000001 0.87259305625 0.94120546875 0.8759138890625 0.93466953125 0.880340278125 0.9290671875 0.8847666671875001 0.9200406250000001 0.8869791671874999 0.91599453125 0.8864263890625 0.90976953125 0.8797861109375 0.9041671875 0.8676138890624999 0.908525 0.8687194437500001 0.913815625 0.865952778125 0.9219085937499999 0.865952778125 0.92719921875
1 0.9212861109375 0.89233984375 0.9301388890625001 0.8963859375000001 0.93511944375 0.9026109375000001 0.9367791671875001 0.9082132812499999 0.9395458328125 0.9135046875 0.943972221875 0.90914765625 0.942865278125 0.8991875 0.9395458328125 0.8895390624999999 0.93511944375 0.8823804687499999 0.9290319437500001 0.8730429687499999 0.9234986109375001 0.8677515625 0.9196263890624999 0.8599703125 0.9135388890625 0.8543679687499999 0.9052388890625 0.8525007812500001 0.896940278125 0.8562359374999999 0.8958333328125001 0.8674406250000001 0.9030263890624999 0.87491015625 0.91021944375 0.88393671875 0.9212861109375 0.89233984375
1 0.8828472218750001 0.9305101562500001 0.877275 0.9359546875 0.8722888890625 0.94436875 0.8608499999999999 0.950803125 0.858797221875 0.9557523437500001 0.854397221875 0.963671875 0.8620236109375 0.96350703125 0.8678888890625001 0.9613617187499999 0.8787416671875 0.95492734375 0.8860736109375 0.94700859375 0.90220555625 0.94139921875 0.908365278125 0.9366140625 0.920390278125 0.92853046875 0.92655 0.91962109375 0.9297763890624999 0.91236171875 0.9376958328124999 0.90510234375 0.9332958328125001 0.89784296875 0.928442940625 0.8951132156250001 0.9268430562500001 0.8958632812499999 0.9273065656249999 0.89547235 0.9162847218750001 0.8991632812500001 0.9104180562499999 0.9077421875 0.8992736109375 0.91351640625 0.8907666671875001 0.9211054687500001 0.8828472218750001 0.9305101562500001
1 0.28194444375 0.9703125 0.2708333328125 0.96484375 0.20972222187499998 0.95703125 0.175 0.9609375 0.18055555625 0.96796875 0.20277777812500003 0.97109375 0.27638888906250003 0.9734375 0.28194444375 0.9703125
1 0.14979305625 0.94776171875 0.1348138890625 0.9535726562500001 0.1157013890625 0.957640625 0.087809721875 0.96577578125 0.1074375 0.9640328125 0.1239666671875 0.9637421875 0.15805694374999998 0.95851171875 0.17716805625 0.95502578125 0.20092916718749998 0.9474710937499999 0.20454444375 0.9402078125 0.19473055625 0.9373023437500001 0.17561944375 0.9393359374999999 0.1673541671875 0.9439851562499999 0.14979305625 0.94776171875