0 0.8763888890624999 0.9390625 0.8083333328125001 0.92109375 0.7819444437499999 0.9203125 0.7819444437499999 0.92734375 0.8055555562500001 0.934375 0.8680555562500001 0.9421875 0.8763888890624999 0.9390625
0 0.13055555624999998 0.31796875 0.11944444375 0.31796875 0.07083333281250001 0.35078125 0.06805555625000001 0.35703125 0.0736111109375 0.35703125 0.12361111093749999 0.32890625 0.13055555624999998 0.31796875
0 0.5736111109375 0.09921875 0.54444444375 0.0921875 0.5208333328125 0.0875 0.5 0.0875 0.4986111109375 0.09140625 0.5083333328124999 0.096875 0.5736111109375 0.103125 0.5736111109375 0.09921875
0 0.215277778125 0.29453125 0.2138888890625 0.290625 0.13194444375 0.2875 0.134722221875 0.29375 0.15 0.29609375 0.1875 0.29765625 0.215277778125 0.29453125
0 0.25694444375000003 0.490625 0.2236111109375 0.4828125 0.190277778125 0.478125 0.17361111093749998 0.47890625 0.17361111093749998 0.4828125 0.19583333281249998 0.48828125 0.2416666671875 0.4921875 0.25694444375000003 0.490625
0 0.1125 0.29609375 0.09305555625 0.259375 0.084722221875 0.25234375 0.0791666671875 0.25234375 0.07638888906249999 0.2578125 0.08333333281250001 0.27109375 0.10138888906250001 0.29140625 0.1125 0.29609375
0 0.2416666671875 0.24375 0.225 0.2328125 0.20138888906250002 0.21875 0.1875 0.21484375 0.1888888890625 0.2234375 0.21944444375 0.240625 0.24305555625 0.24921875 0.2416666671875 0.24375
0 0.415277778125 0.05234375 0.39027777812500003 0.0484375 0.3458333328125 0.046875 0.3458333328125 0.05234375 0.3611111109375 0.0546875 0.42083333281249996 0.05625 0.415277778125 0.05234375
0 0.10555555624999999 0.390625 0.0958333328125 0.4171875 0.09305555625 0.440625 0.102777778125 0.44375 0.10833333281249999 0.415625 0.10555555624999999 0.390625
0 0.1666666671875 0.35546875 0.1583333328125 0.32421875 0.15555555625 0.3296875 0.1541666671875 0.36796875 0.15694444375 0.375 0.1625 0.37578125 0.1666666671875 0.35546875
0 0.372222221875 0.5 0.3638888890625 0.5234375 0.3611111109375 0.54453125 0.36944444375 0.546875 0.3763888890625 0.53125 0.372222221875 0.5
0 0.33055555625 0.42578125 0.28611111093749997 0.44765625 0.2833333328125 0.4546875 0.29305555625 0.4546875 0.334722221875 0.4265625 0.33055555625 0.42578125
0 0.497222221875 0.5359375 0.497222221875 0.51640625 0.49444444374999996 0.5203125 0.477777778125 0.55 0.48055555625 0.55625 0.490277778125 0.5515625 0.497222221875 0.5359375
0 0.27777777812500004 0.1390625 0.2236111109375 0.11796875 0.19583333281249998 0.1140625 0.197222221875 0.1203125 0.20555555625 0.12421875 0.259722221875 0.1375 0.27777777812500004 0.1390625
0 0.10833333281249999 0.08671875 0.0958333328125 0.07578125 0.0888888890625 0.078125 0.0916666671875 0.08671875 0.12222222187500001 0.11484375 0.13194444375 0.11875 0.10833333281249999 0.08671875