1 0.91944444375 0.959375 0.9138888890624999 0.91953125 0.9055555562500001 0.90390625 0.8875 0.88828125 0.8819444437499999 0.8875 0.875 0.89140625 0.8736111109375001 0.90390625 0.88055555625 0.9203125 0.902777778125 0.94765625 0.91944444375 0.959375
1 0.6569444437499999 0.74453125 0.66944444375 0.7359375 0.66805555625 0.73203125 0.6555555562500001 0.72890625 0.6375 0.73203125 0.5916666671875 0.75390625 0.547222221875 0.76953125 0.547222221875 0.7734375 0.5583333328125 0.77265625 0.6236111109375 0.75625 0.6569444437499999 0.74453125
1 0.6416666671875 0.95078125 0.6375 0.946875 0.602777778125 0.94921875 0.547222221875 0.9453125 0.515277778125 0.946875 0.5069444437499999 0.95 0.5083333328124999 0.9578125 0.525 0.9609375 0.590277778125 0.95859375 0.6416666671875 0.95078125
1 0.5638888890625 0.8109375 0.60694444375 0.81875 0.6555555562500001 0.81953125 0.6791666671875001 0.81328125 0.68194444375 0.81015625 0.6763888890625 0.80546875 0.6541666671875 0.80234375 0.60555555625 0.8078125 0.5763888890625 0.8078125 0.5555555562500001 0.80234375 0.5638888890625 0.8109375
1 0.3638888890625 0.72578125 0.3708333328125 0.71640625 0.34861111093749997 0.7140625 0.2791666671875 0.7296875 0.2486111109375 0.7296875 0.24583333281250003 0.73203125 0.2513888890625 0.73671875 0.3111111109375 0.7359375 0.3638888890625 0.72578125
1 0.08194444375 0.18515625 0.0736111109375 0.190625 0.058333332812500006 0.21640625 0.05694444375 0.24921875 0.0916666671875 0.20390625 0.0888888890625 0.18515625 0.08194444375 0.18515625
1 0.7375 0.9125 0.7361111109375 0.9015625 0.7236111109375 0.91015625 0.6986111109375 0.9140625 0.6555555562500001 0.89453125 0.6416666671875 0.89296875 0.6416666671875 0.90234375 0.68194444375 0.9203125 0.7166666671875 0.92109375 0.7375 0.9125
1 0.8236111109375001 0.946875 0.834722221875 0.9390625 0.8111111109375001 0.94375 0.7513888890625 0.9453125 0.727777778125 0.953125 0.727777778125 0.95703125 0.7361111109375 0.96015625 0.775 0.9578125 0.8236111109375001 0.946875
1 0.20416666718749998 0.9546875 0.184722221875 0.9484375 0.10555555624999999 0.9546875 0.102777778125 0.95859375 0.15555555625 0.96328125 0.190277778125 0.9625 0.20416666718749998 0.9546875
1 0.9236111109375 0.7703125 0.9111111109375001 0.75859375 0.9 0.7640625 0.8986111109375001 0.7796875 0.91944444375 0.81484375 0.9263888890624999 0.80859375 0.9236111109375 0.7703125
1 0.325 0.825 0.25833333281250004 0.8328125 0.21944444375 0.84375 0.21805555625 0.85078125 0.225 0.853125 0.2513888890625 0.84921875 0.325 0.825
1 0.934722221875 0.88359375 0.9236111109375 0.8828125 0.91805555625 0.890625 0.922222221875 0.9203125 0.934722221875 0.9328125 0.9388888890624999 0.91953125 0.934722221875 0.88359375
1 0.9013888890624999 0.97421875 0.8458333328125001 0.965625 0.8236111109375001 0.96953125 0.8222222218749999 0.97265625 0.834722221875 0.97734375 0.872222221875 0.978125 0.9013888890624999 0.97421875
1 0.184722221875 0.96875 0.1416666671875 0.97421875 0.140277778125 0.98203125 0.1583333328125 0.98203125 0.225 0.9703125 0.184722221875 0.96875
1 0.31685555625 0.90242734375 0.3076708328125 0.9134640624999999 0.30266111093750003 0.9205085937499999 0.2968166671875 0.9315453125 0.293059721875 0.9421125 0.28846805625 0.9500968750000001 0.28805000000000003 0.9585507812499999 0.297652778125 0.9552625000000001 0.3051666671875 0.9500968750000001 0.3097583328125 0.9423476562499999 0.31894305625 0.9355375 0.32645694375 0.9280234374999999 0.3339708328125 0.92356171875 0.3406513890625 0.91628203125 0.3423208328125 0.9106460937499999 0.34941805625 0.90219296875 0.350252778125 0.89420859375 0.344825 0.8848156250000001 0.33271944375 0.8876335937500001 0.325622221875 0.89444375 0.31685555625 0.90242734375
1 0.3314666671875 0.951740625 0.3414861109375 0.95549765625 0.3615236109375 0.95620234375 0.3773875 0.9580804687500001 0.39993055625 0.96113359375 0.413290278125 0.9623078125 0.43207500000000004 0.9623078125 0.443765278125 0.95643671875 0.44000694375 0.951740625 0.43458055624999997 0.948453125 0.42038611093749995 0.9477484374999999 0.40368750000000003 0.9454 0.3899111109375 0.94657421875 0.37780555625 0.9475140625 0.35693194375 0.9475140625 0.33480694375 0.9432867187499999 0.321865278125 0.9371812500000001 0.31643750000000004 0.9425820312500001 0.3227 0.94727890625 0.3314666671875 0.951740625