0 0.8652777781250001 0.946875 0.8875 0.93828125 0.86944444375 0.93671875 0.8166666671874999 0.940625 0.7958333328125 0.95 0.79444444375 0.9546875 0.8 0.95859375 0.815277778125 0.9578125 0.8652777781250001 0.946875
0 0.715277778125 0.86953125 0.6986111109375 0.871875 0.65 0.89609375 0.6458333328125 0.9 0.672222221875 0.89609375 0.7083333328125 0.88046875 0.715277778125 0.86953125
0 0.5305555562500001 0.8515625 0.5208333328125 0.8484375 0.45 0.840625 0.4625 0.84765625 0.50555555625 0.85703125 0.5333333328125 0.85703125 0.5305555562500001 0.8515625
0 0.8291666671875 0.853125 0.8236111109375001 0.846875 0.790277778125 0.85078125 0.765277778125 0.84375 0.7625 0.8390625 0.7611111109375 0.8484375 0.7819444437499999 0.85859375 0.81805555625 0.8578125 0.8291666671875 0.853125
0 0.8986111109375001 0.45859375 0.91944444375 0.45078125 0.9138888890624999 0.446875 0.902777778125 0.44765625 0.852777778125 0.45859375 0.847222221875 0.46171875 0.85694444375 0.4640625 0.8986111109375001 0.45859375
0 0.6180555562500001 0.70078125 0.609722221875 0.69765625 0.6111111109375 0.7421875 0.6236111109375 0.73203125 0.625 0.715625 0.6180555562500001 0.70078125
0 0.397222221875 0.621875 0.3875 0.6171875 0.3861111109375 0.63203125 0.40694444374999994 0.6671875 0.40277777812500004 0.63125 0.397222221875 0.621875
0 0.352777778125 0.18203125 0.34444444375 0.1859375 0.3416666671875 0.19921875 0.34027777812500004 0.2171875 0.3458333328125 0.22578125 0.35694444375 0.1984375 0.352777778125 0.18203125
0 0.640277778125 0.51953125 0.6347222218749999 0.52265625 0.65 0.57265625 0.652777778125 0.53828125 0.6458333328125 0.52265625 0.640277778125 0.51953125
0 0.184722221875 0.20703125 0.165277778125 0.190625 0.1541666671875 0.18828125 0.1583333328125 0.19921875 0.19305555624999998 0.22421875 0.19444444375 0.21875 0.184722221875 0.20703125
0 0.7430555562500001 0.58671875 0.725 0.61171875 0.7236111109375 0.62109375 0.75555555625 0.5921875 0.75555555625 0.58046875 0.7430555562500001 0.58671875
0 0.3875 0.528125 0.38055555625 0.5265625 0.38055555625 0.53828125 0.40833333281249995 0.56875 0.397222221875 0.5390625 0.3875 0.528125
0 0.690277778125 0.48359375 0.69305555625 0.5234375 0.7 0.484375 0.6972222218749999 0.48203125 0.690277778125 0.48359375
0 0.1023625 0.1577265625 0.10629999999999999 0.1567421875 0.09755 0.14640781249999998 0.08748888906249999 0.1368109375 0.077427778125 0.1284453125 0.0660541671875 0.12155546875 0.05993055625 0.1227859375 0.059055556249999995 0.12573828125 0.0708666671875 0.13435078125 0.083552778125 0.14468515625 0.0979875 0.15477421875 0.1023625 0.1577265625
0 0.1679791671875 0.16806171875 0.1937888890625 0.1673234375 0.1955388890625 0.1663390625 0.1881013890625 0.16264765625 0.1640416671875 0.1606796875 0.13910833281249999 0.1567421875 0.11548611093750001 0.15600390625 0.103675 0.15846484375 0.10629999999999999 0.16412421875 0.1181111109375 0.16609296875 0.13867083281249998 0.16683125000000001 0.1679791671875 0.16806171875