0 0.9013888890624999 0.94375 0.8416666671874999 0.9328125 0.8111111109375001 0.9328125 0.80694444375 0.9359375 0.8138888890624999 0.94296875 0.852777778125 0.9453125 0.9013888890624999 0.94375
0 0.140277778125 0.47890625 0.102777778125 0.43203125 0.0916666671875 0.43203125 0.090277778125 0.43984375 0.10694444375 0.4578125 0.13055555624999998 0.47578125 0.140277778125 0.47890625
0 0.3888888890625 0.6328125 0.375 0.6296875 0.3763888890625 0.6421875 0.427777778125 0.66953125 0.41944444374999995 0.6546875 0.3888888890625 0.6328125
0 0.3263888890625 0.521875 0.29444444375 0.5 0.2736111109375 0.4890625 0.259722221875 0.48671875 0.2611111109375 0.49375 0.2833333328125 0.50703125 0.315277778125 0.52109375 0.3263888890625 0.521875
0 0.16944444375 0.259375 0.1583333328125 0.25390625 0.1583333328125 0.27109375 0.18055555625 0.30390625 0.18194444375000002 0.2921875 0.16944444375 0.259375
0 0.3583333328125 0.45234375 0.33888888906250003 0.4328125 0.3138888890625 0.41796875 0.30694444375 0.4171875 0.30555555624999997 0.42265625 0.322222221875 0.43515625 0.3458333328125 0.44921875 0.3583333328125 0.45234375
0 0.48194444374999995 0.378125 0.477777778125 0.38515625 0.47222222187499996 0.4109375 0.47361111093749997 0.4234375 0.49444444374999996 0.38515625 0.4916666671875 0.37578125 0.48194444374999995 0.378125
0 0.38055555625 0.43828125 0.35694444375 0.43359375 0.3625 0.44296875 0.40833333281249995 0.4578125 0.4236111109375 0.45859375 0.38055555625 0.43828125
0 0.20972222187499998 0.29140625 0.20277777812500003 0.2921875 0.20416666718749998 0.30703125 0.23194444375 0.34140625 0.215277778125 0.29453125 0.20972222187499998 0.29140625
0 0.1625 0.359375 0.15277777812499999 0.35390625 0.15 0.36484375 0.16388888906250001 0.3890625 0.1763888890625 0.40078125 0.1625 0.359375
0 0.16805555625 0.52265625 0.1625 0.52265625 0.165277778125 0.5359375 0.2 0.5671875 0.17916666718750002 0.53125 0.16805555625 0.52265625
0 0.49444444374999996 0.3140625 0.4888888890625 0.31875 0.47361111093749997 0.34765625 0.47361111093749997 0.3546875 0.5013888890625 0.32265625 0.502777778125 0.3140625 0.49444444374999996 0.3140625
0 0.07083333281250001 0.23203125 0.0638888890625 0.23203125 0.0638888890625 0.27265625 0.06805555625000001 0.2796875 0.075 0.24140625 0.07083333281250001 0.23203125
0 0.40555555625000006 0.2984375 0.40138888906250003 0.3140625 0.3875 0.3296875 0.3888888890625 0.3375 0.3958333328125 0.3375 0.41111111093749997 0.31640625 0.40555555625000006 0.2984375
0 0.0958333328125 0.3125 0.0888888890625 0.3140625 0.0888888890625 0.33203125 0.1 0.35625 0.1 0.31640625 0.0958333328125 0.3125