1 0.9236111109375 0.959375 0.915277778125 0.91796875 0.9069444437499999 0.9046875 0.8861111109375001 0.8875 0.8763888890624999 0.8875 0.8736111109375001 0.89140625 0.872222221875 0.90390625 0.8833333328125 0.92421875 0.9055555562500001 0.9484375 0.9236111109375 0.959375
1 0.7166666671875 0.740625 0.727777778125 0.73203125 0.7208333328125 0.72734375 0.6944444437499999 0.728125 0.6 0.759375 0.597222221875 0.76328125 0.6041666671875 0.76328125 0.7041666671875 0.74375 0.7166666671875 0.740625
1 0.5875 0.95859375 0.627777778125 0.9546875 0.6375 0.95078125 0.540277778125 0.94453125 0.5083333328124999 0.94765625 0.502777778125 0.9546875 0.5083333328124999 0.95859375 0.5236111109375 0.96015625 0.5875 0.95859375
1 0.3375 0.88984375 0.322222221875 0.9 0.2958333328125 0.9390625 0.2946056546875 0.9452776234375 0.3125 0.94140625 0.3416666671875 0.9140625 0.3541666671875 0.89765625 0.3513888890625 0.88828125 0.3375 0.88984375
1 0.372222221875 0.73203125 0.38194444375000003 0.728125 0.384722221875 0.72265625 0.375 0.71875 0.3513888890625 0.71875 0.29444444375 0.72734375 0.25555555625 0.7296875 0.252777778125 0.73203125 0.25833333281250004 0.73359375 0.325 0.7359375 0.372222221875 0.73203125
1 0.43194444374999996 0.96171875 0.4388888890625 0.95859375 0.4375 0.953125 0.41944444374999995 0.946875 0.34444444375 0.9453125 0.31944444375000003 0.94140625 0.31805555625 0.946875 0.3763888890625 0.95859375 0.415277778125 0.96171875 0.43194444374999996 0.96171875
1 0.7611111109375 0.7015625 0.7666666671875 0.7046875 0.7708333328125 0.70234375 0.7708333328125 0.67890625 0.765277778125 0.665625 0.7486111109375 0.64609375 0.7361111109375 0.6390625 0.7291666671875 0.6390625 0.725 0.64140625 0.7263888890625 0.65234375 0.7541666671875 0.67890625 0.7611111109375 0.7015625
1 0.9277777781250001 0.77421875 0.91805555625 0.76015625 0.9069444437499999 0.759375 0.9013888890624999 0.76640625 0.9 0.78046875 0.91944444375 0.82265625 0.9277777781250001 0.8046875 0.9277777781250001 0.77421875
1 0.0916666671875 0.190625 0.0875 0.1859375 0.0791666671875 0.1859375 0.07083333281250001 0.19296875 0.05694444375 0.225 0.055555556250000006 0.24921875 0.059722221875 0.25078125 0.090277778125 0.20546875 0.0916666671875 0.190625
1 0.7333333328125 0.77265625 0.7180555562500001 0.7796875 0.6861111109375 0.82890625 0.684722221875 0.8390625 0.73194444375 0.79375 0.7388888890625 0.7828125 0.7333333328125 0.77265625
1 0.8333333328125001 0.93828125 0.7583333328124999 0.940625 0.7333333328125 0.946875 0.73055555625 0.9546875 0.7486111109375 0.9578125 0.79305555625 0.95 0.8333333328125001 0.93828125
1 0.3083333328125 0.8265625 0.22916666718749998 0.8171875 0.20694444375 0.81953125 0.20416666718749998 0.8265625 0.22638888906250001 0.83125 0.3013888890625 0.8296875 0.3083333328125 0.8265625
1 0.20277777812500003 0.94921875 0.19583333281249998 0.9453125 0.175 0.94609375 0.102777778125 0.9578125 0.134722221875 0.9625 0.165277778125 0.9609375 0.19305555624999998 0.95625 0.20277777812500003 0.94921875
1 0.940277778125 0.89453125 0.934722221875 0.88203125 0.9277777781250001 0.88046875 0.9208333328125 0.88359375 0.91805555625 0.90703125 0.93194444375 0.934375 0.9388888890624999 0.9203125 0.940277778125 0.89453125
1 0.9055555562500001 0.97421875 0.902777778125 0.9703125 0.8444444437499999 0.9609375 0.825 0.96328125 0.8263888890625 0.96953125 0.8444444437499999 0.97421875 0.8916666671875 0.9765625 0.9055555562500001 0.97421875
1 0.16805555625 0.96875 0.15 0.97265625 0.15555555625 0.97890625 0.184722221875 0.9796875 0.2486111109375 0.9703125 0.16805555625 0.96875