0 0.8083333328125001 0.93984375 0.8111111109375001 0.93515625 0.8013888890624999 0.934375 0.7458333328125 0.94375 0.7208333328125 0.9546875 0.7194444437499999 0.95859375 0.7263888890625 0.9625 0.747222221875 0.9609375 0.8083333328125001 0.93984375
0 0.5958333328125 0.88046875 0.5791666671875 0.878125 0.5097222218749999 0.88828125 0.5111111109375 0.89296875 0.577777778125 0.88984375 0.590277778125 0.8875 0.5958333328125 0.88046875
0 0.7611111109375 0.878125 0.70555555625 0.9015625 0.6944444437499999 0.909375 0.6972222218749999 0.915625 0.7138888890625 0.9125 0.7430555562500001 0.896875 0.7611111109375 0.878125
0 0.79305555625 0.78984375 0.8055555562500001 0.7921875 0.8138888890624999 0.78984375 0.809722221875 0.78125 0.7583333328124999 0.76796875 0.747222221875 0.7671875 0.747222221875 0.77109375 0.7611111109375 0.778125 0.79305555625 0.78984375
0 0.4166666671875 0.440625 0.377777778125 0.43203125 0.3638888890625 0.43203125 0.3611111109375 0.43515625 0.3763888890625 0.44296875 0.4458333328125 0.45546875 0.4166666671875 0.440625
0 0.840277778125 0.85390625 0.827777778125 0.8453125 0.7916666671875 0.83515625 0.76805555625 0.83203125 0.765277778125 0.83359375 0.79444444375 0.84765625 0.8291666671875 0.85703125 0.840277778125 0.85390625
0 0.79444444375 0.37890625 0.8055555562500001 0.36640625 0.7763888890625 0.37734375 0.7430555562500001 0.39609375 0.7402777781250001 0.4 0.7458333328125 0.4015625 0.7625 0.3984375 0.79444444375 0.37890625
0 0.4916666671875 0.9046875 0.4888888890625 0.8890625 0.46944444374999994 0.85859375 0.46666666718750005 0.86640625 0.4763888890625 0.90390625 0.4861111109375 0.91015625 0.4916666671875 0.9046875
0 0.3875 0.8765625 0.315277778125 0.89609375 0.3125 0.9015625 0.31805555625 0.9046875 0.35 0.89765625 0.3875 0.8765625
0 0.29444444375 0.39296875 0.27777777812500004 0.37890625 0.25833333281250004 0.36484375 0.2486111109375 0.3625 0.24583333281250003 0.36875 0.25833333281250004 0.38046875 0.2958333328125 0.4 0.29444444375 0.39296875
0 0.35 0.825 0.35694444375 0.79296875 0.3458333328125 0.7984375 0.33055555625 0.82890625 0.334722221875 0.8375 0.34305555625 0.83515625 0.35 0.825
0 0.2541666671875 0.659375 0.24444444375000002 0.6515625 0.1888888890625 0.6421875 0.1888888890625 0.646875 0.2138888890625 0.6546875 0.24305555625 0.66171875 0.2541666671875 0.659375
0 0.0888888890625 0.31796875 0.07638888906249999 0.296875 0.06527777812499999 0.284375 0.055555556250000006 0.2828125 0.054166667187499996 0.2875 0.06527777812499999 0.303125 0.0875 0.3234375 0.0888888890625 0.31796875
0 0.7402777781250001 0.8140625 0.7041666671875 0.796875 0.70555555625 0.80234375 0.7375 0.82578125 0.752777778125 0.82734375 0.7402777781250001 0.8140625
0 0.1541666671875 0.31953125 0.14861111093749999 0.32109375 0.1583333328125 0.3453125 0.177777778125 0.3625 0.1625 0.32578125 0.1541666671875 0.31953125