0 0.8916666671875 0.93828125 0.8847222218749999 0.93515625 0.85 0.94140625 0.825 0.9421875 0.809722221875 0.94921875 0.809722221875 0.9546875 0.8263888890625 0.95546875 0.872222221875 0.94609375 0.8916666671875 0.93828125
0 0.672222221875 0.8328125 0.647222221875 0.83046875 0.590277778125 0.834375 0.5861111109375 0.8421875 0.6138888890625 0.84296875 0.6638888890625 0.83671875 0.672222221875 0.8328125
0 0.565277778125 0.853125 0.565277778125 0.8484375 0.5513888890625 0.8453125 0.48194444374999995 0.846875 0.477777778125 0.84921875 0.5083333328124999 0.85390625 0.55 0.85625 0.565277778125 0.853125
0 0.58194444375 0.74765625 0.5791666671875 0.740625 0.565277778125 0.7453125 0.5319444437499999 0.775 0.5291666671875 0.7796875 0.54305555625 0.77578125 0.5722222218749999 0.75703125 0.58194444375 0.74765625
0 0.25555555625 0.19765625 0.2486111109375 0.1984375 0.24305555625 0.20390625 0.23194444375 0.23671875 0.23055555625 0.24765625 0.23472222187499997 0.24921875 0.25555555625 0.2140625 0.25555555625 0.19765625
0 0.91944444375 0.46953125 0.925 0.46640625 0.9208333328125 0.46171875 0.902777778125 0.46015625 0.8416666671874999 0.4640625 0.840277778125 0.46640625 0.8458333328125001 0.4671875 0.902777778125 0.4703125 0.91944444375 0.46953125
0 0.5625 0.32578125 0.5527777781250001 0.31796875 0.5041666671875 0.29765625 0.50555555625 0.30234375 0.540277778125 0.325 0.5625 0.33359375 0.5625 0.32578125
0 0.147222221875 0.1609375 0.1361111109375 0.16171875 0.0986111109375 0.19296875 0.0986111109375 0.20078125 0.1375 0.175 0.147222221875 0.16640625 0.147222221875 0.1609375
0 0.44444444375 0.653125 0.43055555625 0.63125 0.41944444374999995 0.62578125 0.41111111093749997 0.6265625 0.41111111093749997 0.634375 0.43055555625 0.64921875 0.4388888890625 0.665625 0.44444444375 0.653125
0 0.8027777781250001 0.79375 0.7791666671875 0.76953125 0.765277778125 0.7671875 0.765277778125 0.7734375 0.7763888890625 0.784375 0.809722221875 0.80703125 0.8027777781250001 0.79375
0 0.7 0.8875 0.684722221875 0.88515625 0.622222221875 0.89140625 0.6416666671875 0.89609375 0.6736111109375 0.8953125 0.69305555625 0.8921875 0.7 0.8875
0 0.840277778125 0.86875 0.8333333328125001 0.86015625 0.790277778125 0.83203125 0.8055555562500001 0.85234375 0.8291666671875 0.871875 0.8361111109375001 0.87265625 0.840277778125 0.86875
0 0.60694444375 0.65 0.602777778125 0.653125 0.602777778125 0.68515625 0.6111111109375 0.70234375 0.6152777781250001 0.65703125 0.60694444375 0.65
0 0.2986111109375 0.3109375 0.290277778125 0.278125 0.2791666671875 0.2703125 0.27638888906250003 0.2828125 0.28194444375 0.296875 0.2916666671875 0.309375 0.2986111109375 0.3109375
0 0.7013888890625 0.6171875 0.6944444437499999 0.61875 0.690277778125 0.63515625 0.6888888890625 0.65390625 0.69305555625 0.65625 0.70555555625 0.6234375 0.7013888890625 0.6171875