1 0.9208333328125 0.9578125 0.91944444375 0.940625 0.9055555562500001 0.91015625 0.890277778125 0.89453125 0.877777778125 0.8890625 0.8680555562500001 0.8890625 0.8652777781250001 0.90390625 0.875 0.91953125 0.9055555562500001 0.94921875 0.9208333328125 0.9578125
1 0.6236111109375 0.95546875 0.6319444437499999 0.9515625 0.54444444375 0.93984375 0.5083333328124999 0.940625 0.502777778125 0.94375 0.5041666671875 0.95078125 0.540277778125 0.95703125 0.6236111109375 0.95546875
1 0.447222221875 0.95625 0.4388888890625 0.95 0.41944444374999995 0.9453125 0.322222221875 0.9421875 0.325 0.946875 0.39027777812500003 0.95859375 0.434722221875 0.96171875 0.447222221875 0.95625
1 0.747222221875 0.81875 0.7763888890625 0.7828125 0.7833333328125 0.765625 0.7791666671875 0.7515625 0.765277778125 0.7546875 0.75555555625 0.7671875 0.75 0.79453125 0.73194444375 0.8265625 0.7388888890625 0.82578125 0.747222221875 0.81875
1 0.34444444375 0.88671875 0.33055555625 0.8921875 0.3013888890625 0.93046875 0.2952991453125 0.9464543265625001 0.3166666671875 0.9359375 0.34861111093749997 0.90625 0.3541666671875 0.8984375 0.352777778125 0.8875 0.34444444375 0.88671875
1 0.4 0.73203125 0.40694444374999994 0.72421875 0.3916666671875 0.71953125 0.3513888890625 0.71953125 0.29305555625 0.72578125 0.2888888890625 0.728125 0.3083333328125 0.73125 0.38055555625 0.734375 0.4 0.73203125
1 0.20277777812500003 0.95078125 0.20138888906250002 0.9421875 0.16944444375 0.94375 0.09444444375 0.95859375 0.115277778125 0.9625 0.1625 0.96171875 0.20277777812500003 0.95078125
1 0.9125 0.821875 0.9263888890624999 0.79921875 0.9277777781250001 0.77265625 0.91805555625 0.7578125 0.9111111109375001 0.75703125 0.9055555562500001 0.7609375 0.9013888890624999 0.78125 0.9083333328125001 0.7953125 0.9069444437499999 0.81796875 0.9125 0.821875
1 0.31805555625 0.82578125 0.24444444375000002 0.79453125 0.225 0.79140625 0.2166666671875 0.79375 0.215277778125 0.7984375 0.22777777812500002 0.80625 0.25833333281250004 0.815625 0.31805555625 0.82578125
1 0.08333333281250001 0.184375 0.075 0.1859375 0.0666666671875 0.19375 0.058333332812500006 0.21640625 0.059722221875 0.25 0.0861111109375 0.2078125 0.0888888890625 0.19140625 0.08333333281250001 0.184375
1 0.672222221875 0.7875 0.672222221875 0.775 0.6625 0.74609375 0.6763888890625 0.728125 0.6763888890625 0.7203125 0.665277778125 0.72734375 0.6513888890625 0.74609375 0.652777778125 0.77890625 0.6555555562500001 0.7875 0.665277778125 0.79296875 0.672222221875 0.7875
1 0.252777778125 0.975 0.25694444375000003 0.97109375 0.190277778125 0.9640625 0.1583333328125 0.96484375 0.1541666671875 0.96953125 0.15694444375 0.975 0.177777778125 0.97734375 0.252777778125 0.975
1 0.597222221875 0.5109375 0.5888888890625 0.51328125 0.5930555562500001 0.53359375 0.64444444375 0.57265625 0.6083333328125 0.5171875 0.597222221875 0.5109375
1 0.7416666671875001 0.9375 0.7194444437499999 0.94453125 0.7208333328125 0.95234375 0.7361111109375 0.953125 0.825 0.93515625 0.7416666671875001 0.9375
1 0.909722221875 0.97421875 0.85694444375 0.95390625 0.827777778125 0.9515625 0.8291666671875 0.9609375 0.8458333328125001 0.96640625 0.8763888890624999 0.9734375 0.909722221875 0.97421875
1 0.9388888890624999 0.88359375 0.9333333328125001 0.878125 0.925 0.878125 0.91944444375 0.884375 0.9208333328125 0.9171875 0.93194444375 0.9296875 0.9375 0.91640625 0.9388888890624999 0.88359375