0 0.86944444375 0.940625 0.8430555562500001 0.93671875 0.80694444375 0.925 0.7916666671875 0.925 0.790277778125 0.9328125 0.809722221875 0.93984375 0.8736111109375001 0.94765625 0.86944444375 0.940625
0 0.240277778125 0.22578125 0.2388888890625 0.2203125 0.22638888906250001 0.221875 0.19305555624999998 0.24375 0.17916666718750002 0.259375 0.18055555625 0.26328125 0.23333333281250002 0.2328125 0.240277778125 0.22578125
0 0.497222221875 0.66328125 0.46388888906250003 0.61796875 0.44444444375 0.61484375 0.44305555625000004 0.61875 0.45416666718750004 0.63125 0.4875 0.659375 0.497222221875 0.66328125
0 0.6138888890625 0.47109375 0.6138888890625 0.4671875 0.56805555625 0.43828125 0.5541666671875001 0.43671875 0.5555555562500001 0.44453125 0.5722222218749999 0.45625 0.5958333328125 0.4671875 0.6138888890625 0.47109375
0 0.43333333281249997 0.23125 0.43055555625 0.22734375 0.4125 0.2265625 0.35555555625 0.23515625 0.35694444375 0.23984375 0.39305555625 0.2390625 0.41944444374999995 0.2375 0.43333333281249997 0.23125
0 0.5541666671875001 0.55625 0.5375 0.5484375 0.5013888890625 0.5359375 0.48472222187499997 0.53359375 0.48194444374999995 0.53828125 0.49305555625 0.5453125 0.5541666671875001 0.56015625 0.5541666671875001 0.55625
0 0.5958333328125 0.33203125 0.5861111109375 0.3171875 0.5791666671875 0.31640625 0.5791666671875 0.3328125 0.5930555562500001 0.35703125 0.602777778125 0.36484375 0.5958333328125 0.33203125
0 0.31944444375000003 0.28125 0.3125 0.28515625 0.3125 0.32578125 0.31944444375000003 0.33359375 0.3263888890625 0.290625 0.31944444375000003 0.28125
0 0.134722221875 0.1375 0.12222222187500001 0.14375 0.1041666671875 0.16796875 0.102777778125 0.18125 0.134722221875 0.15 0.13888888906250002 0.14296875 0.134722221875 0.1375
0 0.2625 0.3453125 0.25 0.33984375 0.2486111109375 0.34921875 0.2791666671875 0.38203125 0.27777777812500004 0.3625 0.2625 0.3453125
0 0.515277778125 0.78515625 0.477777778125 0.8171875 0.477777778125 0.82421875 0.525 0.790625 0.527777778125 0.7828125 0.515277778125 0.78515625
0 0.3263888890625 0.5296875 0.2833333328125 0.50390625 0.2736111109375 0.50234375 0.2708333328125 0.50625 0.27638888906250003 0.51328125 0.3111111109375 0.52890625 0.3263888890625 0.5296875
0 0.102777778125 0.27890625 0.0888888890625 0.2828125 0.0791666671875 0.29453125 0.0791666671875 0.30859375 0.084722221875 0.31171875 0.1041666671875 0.2859375 0.102777778125 0.27890625
0 0.275 0.67734375 0.2625 0.6578125 0.2388888890625 0.63984375 0.24305555625 0.653125 0.2625 0.675 0.2666666671875 0.678125 0.275 0.67734375
0 0.4513888890625 0.3109375 0.44444444375 0.309375 0.44166666718750003 0.31796875 0.47083333281249995 0.34375 0.4611111109375 0.32109375 0.4513888890625 0.3109375