1 0.922222221875 0.95859375 0.9055555562500001 0.9140625 0.8861111109375001 0.8953125 0.875 0.88984375 0.8638888890624999 0.8890625 0.8611111109375 0.90234375 0.8708333328125001 0.9171875 0.9041666671874999 0.9484375 0.922222221875 0.95859375
1 0.5555555562500001 0.9546875 0.63055555625 0.9546875 0.625 0.95078125 0.54444444375 0.9359375 0.5125 0.934375 0.5041666671875 0.93671875 0.502777778125 0.94140625 0.5111111109375 0.946875 0.5319444437499999 0.9515625 0.5555555562500001 0.9546875
1 0.7986111109375 0.6546875 0.790277778125 0.65546875 0.7833333328125 0.66171875 0.8013888890624999 0.7359375 0.8111111109375001 0.696875 0.809722221875 0.6640625 0.7986111109375 0.6546875
1 0.352777778125 0.890625 0.34861111093749997 0.8875 0.3333333328125 0.890625 0.322222221875 0.9 0.29722222187499997 0.93984375 0.29305555625 0.95078125 0.3263888890625 0.928125 0.35 0.90390625 0.352777778125 0.890625
1 0.40555555625000006 0.73125 0.415277778125 0.72265625 0.41111111093749997 0.71953125 0.3875 0.71796875 0.2916666671875 0.72734375 0.2958333328125 0.73046875 0.322222221875 0.7328125 0.377777778125 0.73359375 0.40555555625000006 0.73125
1 0.4388888890625 0.96171875 0.447222221875 0.95703125 0.4263888890625 0.946875 0.3416666671875 0.94296875 0.32777777812500003 0.94296875 0.32777777812500003 0.946875 0.38333333281250004 0.9578125 0.4388888890625 0.96171875
1 0.9263888890624999 0.7921875 0.9277777781250001 0.77265625 0.91805555625 0.7546875 0.909722221875 0.7546875 0.9041666671874999 0.7609375 0.9013888890624999 0.78125 0.9069444437499999 0.81640625 0.9111111109375001 0.81796875 0.9263888890624999 0.7921875
1 0.6152777781250001 0.53671875 0.5958333328125 0.521875 0.5736111109375 0.509375 0.5625 0.5078125 0.55694444375 0.51015625 0.5638888890625 0.52578125 0.5930555562500001 0.5375 0.63055555625 0.55859375 0.6152777781250001 0.53671875
1 0.06944444375 0.1921875 0.055555556250000006 0.22109375 0.05694444375 0.2515625 0.0875 0.20546875 0.084722221875 0.1875 0.06944444375 0.1921875
1 0.8138888890624999 0.9390625 0.79444444375 0.9359375 0.74444444375 0.9359375 0.7194444437499999 0.9390625 0.7125 0.94765625 0.7236111109375 0.9515625 0.7666666671875 0.94765625 0.8138888890624999 0.9390625
1 0.2611111109375 0.7984375 0.240277778125 0.78984375 0.21944444375 0.78828125 0.21805555625 0.7953125 0.22777777812500002 0.80234375 0.309722221875 0.82578125 0.2611111109375 0.7984375
1 0.752777778125 0.88359375 0.75555555625 0.875 0.7333333328125 0.85703125 0.6986111109375 0.83828125 0.672222221875 0.82890625 0.6736111109375 0.834375 0.709722221875 0.853125 0.7402777781250001 0.88046875 0.752777778125 0.88359375
1 0.9375 0.9046875 0.9361111109375001 0.87734375 0.9236111109375 0.875 0.9166666671874999 0.8828125 0.915277778125 0.89765625 0.922222221875 0.91875 0.93194444375 0.92265625 0.9375 0.9046875
1 0.909722221875 0.97421875 0.9041666671874999 0.96953125 0.8916666671875 0.96875 0.8652777781250001 0.9546875 0.8416666671874999 0.946875 0.8291666671875 0.9484375 0.8291666671875 0.95625 0.8444444437499999 0.9625 0.8916666671875 0.97421875 0.909722221875 0.97421875
1 0.150527778125 0.9502804687499999 0.1320013890625 0.9531031249999999 0.11193055625 0.9563593750000001 0.1018958328125 0.9574453125 0.0949486109375 0.9602671875000001 0.10498333281250001 0.9630898437500001 0.12312361093749999 0.9630898437500001 0.14628194375 0.9624382812500001 0.1586333328125 0.95961640625 0.1767736109375 0.95831328125 0.1933708328125 0.9574453125 0.2007041671875 0.95266875 0.20610694375 0.9498460937500001 0.20610694375 0.9435499999999999 0.19838888906250002 0.9400765625 0.177159721875 0.9398593749999999 0.1617208328125 0.94441875 0.150527778125 0.9502804687499999
1 0.211897221875 0.9782875000000001 0.2327388890625 0.9776359375 0.248177778125 0.97741875 0.2551263890625 0.97524765625 0.2493361109375 0.9685171875 0.2385291671875 0.9650437500000001 0.224634721875 0.96678046875 0.21575694374999999 0.96808359375 0.2007041671875 0.96678046875 0.1902833328125 0.9617875 0.177159721875 0.95939921875 0.1644236109375 0.9576625 0.1567041671875 0.9576625 0.14975555625 0.9626554687500001 0.1547736109375 0.9672148437500001 0.167897221875 0.97177421875 0.1887388890625 0.97524765625 0.211897221875 0.9782875000000001