1 0.922222221875 0.9578125 0.9083333328125001 0.90859375 0.8861111109375001 0.88828125 0.877777778125 0.8875 0.8736111109375001 0.89140625 0.872222221875 0.90234375 0.88055555625 0.92109375 0.9055555562500001 0.9484375 0.922222221875 0.9578125
1 0.7166666671875 0.7421875 0.725 0.7359375 0.7194444437499999 0.73046875 0.709722221875 0.72890625 0.68194444375 0.73359375 0.5944444437499999 0.759375 0.5944444437499999 0.76328125 0.6777777781250001 0.7515625 0.7166666671875 0.7421875
1 0.61944444375 0.95546875 0.6375 0.95078125 0.540277778125 0.94296875 0.5041666671875 0.946875 0.5013888890625 0.9546875 0.5083333328124999 0.9578125 0.540277778125 0.96015625 0.61944444375 0.95546875
1 0.3541666671875 0.8984375 0.3513888890625 0.88828125 0.3333333328125 0.89140625 0.322222221875 0.9 0.29722222187499997 0.93515625 0.2916666671875 0.95234375 0.3166666671875 0.9375 0.3416666671875 0.9140625 0.3541666671875 0.8984375
1 0.3791666671875 0.73203125 0.3888888890625 0.728125 0.3888888890625 0.72421875 0.377777778125 0.71953125 0.35972222187499997 0.71875 0.2666666671875 0.72734375 0.2625 0.728125 0.26527777812500003 0.73203125 0.3375 0.734375 0.3791666671875 0.73203125
1 0.440277778125 0.95703125 0.434722221875 0.95078125 0.42083333281249996 0.946875 0.34444444375 0.94453125 0.32083333281250004 0.940625 0.3236111109375 0.94765625 0.375 0.9578125 0.43055555625 0.96171875 0.440277778125 0.95703125
1 0.7083333328125 0.6015625 0.69305555625 0.58359375 0.6805555562500001 0.5765625 0.672222221875 0.57890625 0.672222221875 0.5921875 0.6791666671875001 0.60234375 0.727777778125 0.63984375 0.7083333328125 0.6015625
1 0.090277778125 0.18828125 0.084722221875 0.18515625 0.0791666671875 0.18515625 0.06944444375 0.19296875 0.05694444375 0.2234375 0.055555556250000006 0.24765625 0.059722221875 0.25 0.0888888890625 0.20546875 0.090277778125 0.18828125
1 0.20416666718749998 0.95 0.197222221875 0.94453125 0.18055555625 0.94453125 0.0958333328125 0.9578125 0.11805555625 0.96171875 0.1583333328125 0.96171875 0.1888888890625 0.95859375 0.20416666718749998 0.95
1 0.31944444375000003 0.82578125 0.2638888890625 0.8140625 0.22777777812500002 0.809375 0.20833333281250002 0.81015625 0.20555555625 0.81640625 0.21944444375 0.82265625 0.28194444375 0.82734375 0.31944444375000003 0.82578125
1 0.834722221875 0.93515625 0.7513888890625 0.9390625 0.7263888890625 0.94765625 0.7291666671875 0.9546875 0.7486111109375 0.95546875 0.8138888890624999 0.94296875 0.834722221875 0.93515625
1 0.91944444375 0.82109375 0.9263888890624999 0.80625 0.9277777781250001 0.775 0.91805555625 0.759375 0.9055555562500001 0.7609375 0.9013888890624999 0.78203125 0.9125 0.80234375 0.9138888890624999 0.81953125 0.91944444375 0.82109375
1 0.73055555625 0.80703125 0.747222221875 0.79375 0.772222221875 0.76171875 0.7708333328125 0.75234375 0.7625 0.7515625 0.7513888890625 0.76015625 0.73194444375 0.79375 0.7111111109375 0.809375 0.7138888890625 0.8140625 0.73055555625 0.80703125
1 0.9388888890624999 0.8890625 0.9305555562500001 0.8796875 0.9208333328125 0.884375 0.922222221875 0.9203125 0.93194444375 0.93125 0.9388888890624999 0.91328125 0.9388888890624999 0.8890625
1 0.9069444437499999 0.97421875 0.9041666671874999 0.9703125 0.847222221875 0.9609375 0.8236111109375001 0.9625 0.8222222218749999 0.96640625 0.83055555625 0.97109375 0.8458333328125001 0.9734375 0.9069444437499999 0.97421875
1 0.1666666671875 0.96875 0.15 0.97265625 0.15277777812499999 0.978125 0.184722221875 0.9796875 0.25 0.9703125 0.1666666671875 0.96875