1 0.35694444375 0.91171875 0.377777778125 0.890625 0.3763888890625 0.88125 0.365277778125 0.88203125 0.3458333328125 0.8921875 0.309722221875 0.93203125 0.2958333328125 0.93984375 0.29722222187499997 0.94609375 0.35694444375 0.91171875
1 0.45277777812500003 0.91953125 0.45694444375 0.91171875 0.45277777812500003 0.909375 0.43194444374999996 0.91171875 0.38333333281250004 0.93515625 0.34861111093749997 0.94453125 0.34861111093749997 0.9484375 0.3611111109375 0.94921875 0.41111111093749997 0.93828125 0.45277777812500003 0.91953125
1 0.934722221875 0.6359375 0.9388888890624999 0.6328125 0.9375 0.61875 0.9069444437499999 0.565625 0.9041666671874999 0.57265625 0.9013888890624999 0.59140625 0.9083333328125001 0.615625 0.9208333328125 0.63203125 0.934722221875 0.6359375
1 0.890277778125 0.6453125 0.877777778125 0.646875 0.8638888890624999 0.6546875 0.8361111109375001 0.6875 0.8138888890624999 0.7046875 0.8125 0.709375 0.872222221875 0.67578125 0.89305555625 0.65703125 0.890277778125 0.6453125
1 0.197222221875 0.94609375 0.20277777812500003 0.9375 0.19305555624999998 0.934375 0.17916666718750002 0.93515625 0.102777778125 0.95859375 0.10138888906250001 0.9625 0.10694444375 0.9625 0.1611111109375 0.95546875 0.197222221875 0.94609375
1 0.647222221875 0.425 0.65 0.409375 0.640277778125 0.40859375 0.6333333328124999 0.41171875 0.5944444437499999 0.46015625 0.58055555625 0.4671875 0.58055555625 0.47109375 0.5944444437499999 0.46640625 0.622222221875 0.44921875 0.647222221875 0.425
1 0.0875 0.18828125 0.0736111109375 0.19296875 0.0666666671875 0.2015625 0.054166667187499996 0.23125 0.052777778124999994 0.24765625 0.05694444375 0.25078125 0.0916666671875 0.203125 0.0875 0.18828125
1 0.8875 0.4984375 0.840277778125 0.546875 0.8388888890624999 0.55859375 0.85 0.5609375 0.8736111109375001 0.53984375 0.8875 0.4984375
1 0.2736111109375 0.96328125 0.28472222187499996 0.9546875 0.28055555625 0.95234375 0.24583333281250003 0.96328125 0.21944444375 0.9640625 0.1763888890625 0.97265625 0.175 0.978125 0.18055555625 0.9796875 0.23333333281250002 0.97421875 0.2736111109375 0.96328125
1 0.9263888890624999 0.77578125 0.915277778125 0.7625 0.9083333328125001 0.76171875 0.902777778125 0.76640625 0.9013888890624999 0.7828125 0.91944444375 0.81875 0.9277777781250001 0.80390625 0.9263888890624999 0.77578125
1 0.8444444437499999 0.9140625 0.8513888890624999 0.909375 0.8513888890624999 0.89453125 0.8416666671874999 0.8671875 0.83194444375 0.85625 0.8291666671875 0.8546875 0.8291666671875 0.90078125 0.8333333328125001 0.909375 0.8444444437499999 0.9140625
1 0.372222221875 0.8140625 0.3638888890625 0.81015625 0.34861111093749997 0.81171875 0.290277778125 0.8296875 0.27638888906250003 0.8390625 0.35 0.82578125 0.3625 0.821875 0.372222221875 0.8140625
1 0.9263888890624999 0.86875 0.9125 0.85234375 0.9 0.85390625 0.9013888890624999 0.86875 0.934722221875 0.90703125 0.934722221875 0.890625 0.9263888890624999 0.86875
1 0.7375 0.43984375 0.74444444375 0.4265625 0.7291666671875 0.4453125 0.7236111109375 0.4609375 0.7236111109375 0.4875 0.7333333328125 0.4953125 0.7416666671875001 0.48984375 0.7375 0.43984375
1 0.8717486109375001 0.9320929687499999 0.8717486109375001 0.9419828125 0.86881805625 0.9504984375 0.88005 0.9472015624999999 0.8888416671874999 0.9364882812499999 0.8888416671874999 0.9282468749999999 0.8864000000000001 0.92000546875 0.885422221875 0.90681953125 0.8859111109375 0.90105078125 0.88298055625 0.8955562499999999 0.8761430562499999 0.89335859375 0.867352778125 0.9005007812500001 0.8683291671875001 0.91258828125 0.86979444375 0.9235765625000001 0.8717486109375001 0.9320929687499999
1 0.90446944375 0.92577421875 0.88981805625 0.93621328125 0.878097221875 0.9433562500000001 0.8668638890624999 0.95406953125 0.85563194375 0.95983828125 0.8424458328125001 0.9661570312500001 0.853677778125 0.9713765625 0.867352778125 0.96670625 0.8873763890624999 0.9612125 0.8981208328125 0.9568171875000001 0.9108180562499999 0.9461031249999999 0.9240041671875 0.9389609374999999 0.9347486109375 0.9318179687500001 0.93963194375 0.9175328125 0.9376791671875001 0.90984140625 0.91863194375 0.910665625 0.9074 0.9158851562500001 0.90446944375 0.92577421875