0 0.8583333328125 0.9234375 0.85694444375 0.92109375 0.7763888890625 0.921875 0.7513888890625 0.92734375 0.7513888890625 0.9359375 0.772222221875 0.93671875 0.847222221875 0.928125 0.8583333328125 0.9234375
0 0.7958333328125 0.8390625 0.8027777781250001 0.82578125 0.79444444375 0.82421875 0.784722221875 0.82890625 0.7402777781250001 0.8609375 0.7430555562500001 0.86328125 0.7708333328125 0.85546875 0.7958333328125 0.8390625
0 0.515277778125 0.1546875 0.515277778125 0.14921875 0.5041666671875 0.14140625 0.477777778125 0.13046875 0.45277777812500003 0.125 0.4513888890625 0.13046875 0.48333333281249996 0.14765625 0.5 0.1546875 0.515277778125 0.1546875
0 0.46944444374999994 0.10390625 0.46666666718750005 0.09765625 0.44444444375 0.0953125 0.3875 0.1 0.3861111109375 0.10390625 0.3986111109375 0.10625 0.45 0.1078125 0.46944444374999994 0.10390625
0 0.3958333328125 0.2140625 0.365277778125 0.20390625 0.322222221875 0.2 0.3263888890625 0.20546875 0.384722221875 0.221875 0.3986111109375 0.21953125 0.3958333328125 0.2140625
0 0.54305555625 0.32265625 0.534722221875 0.3 0.5208333328125 0.2828125 0.5111111109375 0.28125 0.5208333328125 0.296875 0.527777778125 0.32421875 0.540277778125 0.33203125 0.54305555625 0.32265625
0 0.525 0.21328125 0.515277778125 0.215625 0.5 0.2359375 0.49305555625 0.25859375 0.4986111109375 0.25703125 0.527777778125 0.22265625 0.525 0.21328125
0 0.4263888890625 0.446875 0.40555555625000006 0.45390625 0.38055555625 0.4703125 0.3791666671875 0.48046875 0.384722221875 0.4828125 0.427777778125 0.45078125 0.4263888890625 0.446875
0 0.4888888890625 0.1953125 0.5013888890625 0.19296875 0.497222221875 0.1875 0.48333333281249996 0.18359375 0.447222221875 0.18359375 0.4375 0.1890625 0.4388888890625 0.19453125 0.4486111109375 0.19140625 0.4888888890625 0.1953125
0 0.6347222218749999 0.78671875 0.627777778125 0.76484375 0.6180555562500001 0.76171875 0.61944444375 0.79765625 0.6236111109375 0.8046875 0.6291666671875 0.80546875 0.6347222218749999 0.78671875
0 0.34444444375 0.4109375 0.3375 0.3953125 0.31805555625 0.375 0.325 0.403125 0.3361111109375 0.41953125 0.3416666671875 0.42109375 0.34444444375 0.4109375
0 0.19444444375 0.0953125 0.190277778125 0.09453125 0.1916666671875 0.13125 0.2 0.13984375 0.20416666718749998 0.13046875 0.19444444375 0.0953125
0 0.126234721875 0.15831015625 0.1096791671875 0.15831015625 0.0986416671875 0.15559453125 0.1034708328125 0.16063828125 0.1358916671875 0.16607031249999998 0.17935 0.16762265625 0.19659444375 0.16490625 0.19659444375 0.1614140625 0.1717611109375 0.15869843749999998 0.126234721875 0.15831015625
0 0.22280694374999999 0.2130203125 0.22211666718749998 0.20758828125 0.212459721875 0.1978875 0.1931458328125 0.181203125 0.1724513890625 0.16335468749999998 0.176590278125 0.16917500000000002 0.186247221875 0.1823671875 0.20004305625000002 0.1990515625 0.2007333328125 0.19943984374999998 0.210390278125 0.21108046875 0.22280694374999999 0.2130203125
0 0.26805555625 0.0484375 0.20416666718749998 0.0390625 0.20277777812500003 0.04453125 0.2166666671875 0.0484375 0.2708333328125 0.05234375 0.26805555625 0.0484375