0 0.89444444375 0.93515625 0.8833333328125 0.93359375 0.85555555625 0.9390625 0.8263888890625 0.940625 0.809722221875 0.946875 0.8055555562500001 0.9515625 0.825 0.95390625 0.8611111109375 0.946875 0.89444444375 0.93515625
0 0.559722221875 0.85390625 0.559722221875 0.84921875 0.5458333328125 0.84609375 0.477777778125 0.8484375 0.48055555625 0.85390625 0.5083333328124999 0.85703125 0.5486111109375 0.85703125 0.559722221875 0.85390625
0 0.6777777781250001 0.8890625 0.6861111109375 0.88515625 0.6861111109375 0.88046875 0.66805555625 0.8796875 0.602777778125 0.89453125 0.602777778125 0.896875 0.6138888890625 0.89765625 0.652777778125 0.89453125 0.6777777781250001 0.8890625
0 0.6569444437499999 0.77109375 0.6361111109375 0.73046875 0.6291666671875 0.72265625 0.6180555562500001 0.7203125 0.6180555562500001 0.73125 0.627777778125 0.7453125 0.64444444375 0.76640625 0.6569444437499999 0.77109375
0 0.9041666671874999 0.48671875 0.9083333328125001 0.48203125 0.902777778125 0.47578125 0.840277778125 0.45390625 0.840277778125 0.45859375 0.8541666671874999 0.4671875 0.8875 0.4828125 0.9041666671874999 0.48671875
0 0.7013888890625 0.89609375 0.709722221875 0.88203125 0.70694444375 0.85625 0.7013888890625 0.8515625 0.69305555625 0.85625 0.6958333328124999 0.8796875 0.6861111109375 0.89921875 0.6888888890625 0.903125 0.7013888890625 0.89609375
0 0.49583333281249997 0.28671875 0.490277778125 0.28125 0.42222222187499997 0.28359375 0.4236111109375 0.2890625 0.44305555625000004 0.29296875 0.48333333281249996 0.29140625 0.49583333281249997 0.28671875
0 0.5555555562500001 0.77109375 0.559722221875 0.76484375 0.5375 0.7625 0.48472222187499997 0.76875 0.477777778125 0.771875 0.4888888890625 0.77421875 0.54444444375 0.77265625 0.5555555562500001 0.77109375
0 0.259722221875 0.2078125 0.2541666671875 0.20390625 0.24583333281250003 0.2078125 0.2416666671875 0.22265625 0.240277778125 0.2484375 0.24444444375000002 0.25625 0.259722221875 0.21796875 0.259722221875 0.2078125
0 0.8666666671875 0.82265625 0.877777778125 0.81796875 0.872222221875 0.81484375 0.85694444375 0.81640625 0.8027777781250001 0.80859375 0.8013888890624999 0.81171875 0.8138888890624999 0.81953125 0.8430555562500001 0.8234375 0.8666666671875 0.82265625
0 0.44166666718750003 0.67734375 0.43333333281249997 0.67734375 0.425 0.68359375 0.397222221875 0.715625 0.4 0.7171875 0.4361111109375 0.69140625 0.44166666718750003 0.67734375
0 0.83194444375 0.86484375 0.825 0.85234375 0.79305555625 0.82421875 0.8055555562500001 0.85 0.8194444437499999 0.865625 0.8291666671875 0.86796875 0.83194444375 0.86484375
0 0.11388888906250001 0.178125 0.109722221875 0.1734375 0.0916666671875 0.18203125 0.08055555625000001 0.196875 0.0791666671875 0.209375 0.08333333281250001 0.2125 0.0888888890625 0.20078125 0.11388888906250001 0.178125
0 0.3138888890625 0.29765625 0.30555555624999997 0.3015625 0.2986111109375 0.31875 0.2986111109375 0.33828125 0.31805555625 0.30859375 0.31944444375000003 0.30234375 0.3138888890625 0.29765625
0 0.6888888890625 0.65390625 0.68194444375 0.65703125 0.684722221875 0.684375 0.69305555625 0.69765625 0.6944444437499999 0.66015625 0.6888888890625 0.65390625