0 0.81805555625 0.93203125 0.79444444375 0.9375 0.7625 0.9390625 0.7361111109375 0.95 0.7361111109375 0.9578125 0.7513888890625 0.95859375 0.8263888890625 0.934375 0.81805555625 0.93203125
0 0.3958333328125 0.8765625 0.3875 0.8765625 0.3333333328125 0.89296875 0.31944444375000003 0.90078125 0.31944444375000003 0.90859375 0.3333333328125 0.9078125 0.36805555624999997 0.89453125 0.3958333328125 0.8765625
0 0.727777778125 0.91171875 0.7486111109375 0.9078125 0.6777777781250001 0.8921875 0.659722221875 0.8921875 0.6583333328125 0.89609375 0.6666666671875 0.9015625 0.6972222218749999 0.90859375 0.727777778125 0.91171875
0 0.40833333281249995 0.43515625 0.3611111109375 0.4234375 0.3236111109375 0.421875 0.3291666671875 0.42890625 0.3611111109375 0.43515625 0.40138888906250003 0.4390625 0.40833333281249995 0.43515625
0 0.5833333328125 0.8921875 0.5916666671875 0.8859375 0.5833333328125 0.8828125 0.56805555625 0.88359375 0.5125 0.890625 0.5069444437499999 0.89296875 0.5166666671875 0.8953125 0.5638888890625 0.89453125 0.5833333328125 0.8921875
0 0.8388888890624999 0.85546875 0.840277778125 0.85234375 0.83194444375 0.846875 0.7875 0.8328125 0.775 0.83203125 0.7819444437499999 0.8390625 0.809722221875 0.85078125 0.827777778125 0.85703125 0.8388888890624999 0.85546875
0 0.7083333328125 0.3296875 0.690277778125 0.32421875 0.6791666671875001 0.32421875 0.6888888890625 0.3359375 0.7361111109375 0.3515625 0.7291666671875 0.340625 0.7083333328125 0.3296875
0 0.48333333281249996 0.88359375 0.47222222187499996 0.8625 0.4611111109375 0.85234375 0.47083333281249995 0.89609375 0.48194444374999995 0.903125 0.4861111109375 0.9 0.48333333281249996 0.88359375
0 0.2916666671875 0.665625 0.28611111093749997 0.65859375 0.23333333281250002 0.65 0.2236111109375 0.65 0.2236111109375 0.65390625 0.27777777812500004 0.6671875 0.2916666671875 0.665625
0 0.8638888890624999 0.82265625 0.8638888890624999 0.8140625 0.825 0.78671875 0.8236111109375001 0.79296875 0.8375 0.81015625 0.85694444375 0.82265625 0.8638888890624999 0.82265625
0 0.0916666671875 0.29765625 0.084722221875 0.2890625 0.06805555625000001 0.2703125 0.05694444375 0.265625 0.0513888890625 0.2671875 0.052777778124999994 0.27109375 0.0916666671875 0.3078125 0.0916666671875 0.29765625
0 0.2875 0.39296875 0.26527777812500003 0.3578125 0.2513888890625 0.35234375 0.2513888890625 0.36171875 0.259722221875 0.37265625 0.275 0.3875 0.2875 0.39296875
0 0.7583333328124999 0.7953125 0.75555555625 0.78828125 0.747222221875 0.78984375 0.7194444437499999 0.81796875 0.7166666671875 0.8234375 0.727777778125 0.8203125 0.747222221875 0.80625 0.7583333328124999 0.7953125
0 0.15555555625 0.30625 0.14444444375 0.30078125 0.14305555625 0.3140625 0.16944444375 0.34453125 0.16944444375 0.3328125 0.15555555625 0.30625
0 0.33888888906250003 0.80078125 0.3111111109375 0.8390625 0.3111111109375 0.84765625 0.31805555625 0.85 0.32777777812500003 0.83984375 0.33888888906250003 0.80078125