0 0.8916666671875 0.9390625 0.8875 0.93671875 0.872222221875 0.9375 0.8236111109375001 0.94375 0.80694444375 0.94921875 0.8041666671875 0.95859375 0.825 0.959375 0.8708333328125001 0.94765625 0.8916666671875 0.9390625
0 0.6875 0.79375 0.684722221875 0.79140625 0.6638888890625 0.7921875 0.602777778125 0.80234375 0.6 0.80625 0.60694444375 0.81171875 0.652777778125 0.80546875 0.6875 0.79375
0 0.5236111109375 0.85703125 0.54444444375 0.85703125 0.547222221875 0.8546875 0.540277778125 0.84765625 0.47222222187499996 0.84453125 0.46388888906250003 0.8453125 0.46944444374999994 0.85 0.49444444374999996 0.85390625 0.5236111109375 0.85703125
0 0.22777777812500002 0.18515625 0.175 0.15234375 0.1611111109375 0.1515625 0.15972222187500001 0.1578125 0.18194444375000002 0.1703125 0.2138888890625 0.184375 0.22777777812500002 0.18515625
0 0.9236111109375 0.45078125 0.91944444375 0.44765625 0.8986111109375001 0.45 0.8430555562500001 0.4640625 0.8388888890624999 0.46640625 0.8986111109375001 0.4609375 0.91944444375 0.45625 0.9236111109375 0.45078125
0 0.5083333328124999 0.7328125 0.4888888890625 0.7234375 0.440277778125 0.7109375 0.4375 0.7171875 0.4486111109375 0.72421875 0.49305555625 0.7328125 0.5083333328124999 0.7328125
0 0.64444444375 0.5796875 0.6388888890625 0.57421875 0.6291666671875 0.58046875 0.6208333328125 0.60625 0.6180555562500001 0.62265625 0.622222221875 0.625 0.64305555625 0.5875 0.64444444375 0.5796875
0 0.125 0.14453125 0.102777778125 0.13203125 0.0958333328125 0.13203125 0.1 0.14375 0.1375 0.16640625 0.14861111093749999 0.16953125 0.125 0.14453125
0 0.83194444375 0.8640625 0.79444444375 0.8453125 0.775 0.83984375 0.7916666671875 0.8546875 0.8222222218749999 0.871875 0.8333333328125001 0.87265625 0.83194444375 0.8640625
0 0.7083333328125 0.89140625 0.7 0.8890625 0.6347222218749999 0.89375 0.6263888890625 0.89609375 0.6611111109375 0.9 0.6986111109375 0.896875 0.7083333328125 0.89140625
0 0.23472222187499997 0.2328125 0.225 0.2203125 0.20277777812500003 0.20625 0.1888888890625 0.203125 0.1875 0.209375 0.20416666718749998 0.22109375 0.222222221875 0.23046875 0.23472222187499997 0.2328125
0 0.384722221875 0.225 0.3708333328125 0.21953125 0.3708333328125 0.23046875 0.39444444375 0.26015625 0.40277777812500004 0.2640625 0.384722221875 0.225
0 0.7125 0.621875 0.7013888890625 0.64296875 0.7041666671875 0.66328125 0.725 0.6265625 0.7236111109375 0.61875 0.7125 0.621875
0 0.4138888890625 0.5921875 0.425 0.5921875 0.3875 0.55 0.38055555625 0.55 0.38194444375000003 0.55859375 0.40833333281249995 0.5796875 0.4138888890625 0.5921875
0 0.6958333328124999 0.509375 0.6916666671875 0.51015625 0.690277778125 0.52265625 0.7041666671875 0.55234375 0.702777778125 0.515625 0.6958333328124999 0.509375