0 0.8916666671875 0.9390625 0.8875 0.9359375 0.872222221875 0.9375 0.825 0.94453125 0.80694444375 0.9515625 0.8083333328125001 0.95859375 0.827777778125 0.95859375 0.872222221875 0.94765625 0.8916666671875 0.9390625
0 0.9263888890624999 0.4609375 0.9236111109375 0.45859375 0.902777778125 0.46015625 0.8444444437499999 0.46953125 0.8680555562500001 0.4734375 0.902777778125 0.47109375 0.922222221875 0.4671875 0.9263888890624999 0.4609375
0 0.5236111109375 0.29453125 0.4986111109375 0.28203125 0.45555555625000005 0.271875 0.45 0.27578125 0.4625 0.28359375 0.5111111109375 0.29453125 0.5236111109375 0.29453125
0 0.7486111109375 0.74453125 0.75 0.73984375 0.725 0.71015625 0.7166666671875 0.70390625 0.7125 0.7046875 0.7111111109375 0.71171875 0.7194444437499999 0.725 0.7361111109375 0.73984375 0.7486111109375 0.74453125
0 0.24444444375000002 0.19296875 0.23611111093749998 0.2140625 0.23611111093749998 0.2421875 0.25833333281250004 0.1984375 0.252777778125 0.1890625 0.24444444375000002 0.19296875
0 0.6125 0.61875 0.6041666671875 0.64609375 0.602777778125 0.66484375 0.622222221875 0.6359375 0.622222221875 0.61328125 0.6125 0.61875
0 0.5416666671875 0.73046875 0.4888888890625 0.71875 0.4861111109375 0.72421875 0.49444444374999996 0.72890625 0.559722221875 0.73984375 0.5416666671875 0.73046875
0 0.8375 0.87734375 0.840277778125 0.871875 0.834722221875 0.8671875 0.790277778125 0.84140625 0.790277778125 0.84765625 0.8111111109375001 0.8640625 0.8291666671875 0.87578125 0.8375 0.87734375
0 0.272222221875 0.2671875 0.2638888890625 0.2515625 0.25833333281250004 0.24609375 0.2513888890625 0.2453125 0.2513888890625 0.2578125 0.2708333328125 0.2859375 0.275 0.28046875 0.272222221875 0.2671875
0 0.727777778125 0.79609375 0.7194444437499999 0.784375 0.7138888890625 0.80625 0.709722221875 0.809375 0.684722221875 0.81171875 0.6888888890625 0.81796875 0.70694444375 0.81796875 0.7236111109375 0.81015625 0.727777778125 0.79609375
0 0.1416666671875 0.14765625 0.125 0.1796875 0.1263888890625 0.18828125 0.1541666671875 0.1515625 0.1513888890625 0.14375 0.1416666671875 0.14765625
0 0.5541666671875001 0.853125 0.5416666671875 0.85078125 0.49444444374999996 0.84921875 0.48472222187499997 0.85078125 0.5069444437499999 0.85703125 0.5555555562500001 0.85703125 0.5541666671875001 0.853125
0 0.40555555625000006 0.59296875 0.397222221875 0.5796875 0.3875 0.578125 0.3916666671875 0.590625 0.42222222187499997 0.615625 0.4125 0.5953125 0.40555555625000006 0.59296875
0 0.7236111109375 0.5640625 0.7180555562500001 0.57109375 0.7125 0.60390625 0.73194444375 0.57421875 0.73194444375 0.5640625 0.7236111109375 0.5640625
0 0.70694444375 0.8921875 0.6388888890625 0.8953125 0.6333333328124999 0.896875 0.672222221875 0.9 0.7 0.89765625 0.70694444375 0.8921875