0 0.8833333328125 0.94296875 0.8819444437499999 0.9390625 0.8736111109375001 0.93828125 0.8125 0.9390625 0.7986111109375 0.94140625 0.7888888890625 0.94765625 0.790277778125 0.953125 0.8111111109375001 0.95546875 0.859722221875 0.94921875 0.8833333328125 0.94296875
0 0.525 0.84140625 0.515277778125 0.8375 0.490277778125 0.8359375 0.4583333328125 0.8359375 0.4361111109375 0.83984375 0.4375 0.8421875 0.477777778125 0.84765625 0.5138888890625 0.84765625 0.525 0.84140625
0 0.5375 0.3609375 0.477777778125 0.3609375 0.447222221875 0.365625 0.4486111109375 0.37265625 0.46527777812500004 0.3734375 0.5416666671875 0.3640625 0.5375 0.3609375
0 0.7013888890625 0.72734375 0.7013888890625 0.7234375 0.647222221875 0.70390625 0.6263888890625 0.7 0.6263888890625 0.70703125 0.640277778125 0.7140625 0.6736111109375 0.72421875 0.7013888890625 0.72734375
0 0.7236111109375 0.840625 0.7125 0.84453125 0.6875 0.87890625 0.684722221875 0.88984375 0.715277778125 0.86484375 0.7263888890625 0.85 0.7236111109375 0.840625
0 0.17916666718750002 0.17734375 0.16944444375 0.16640625 0.1583333328125 0.16328125 0.15972222187500001 0.17734375 0.1861111109375 0.20625 0.19583333281249998 0.2109375 0.17916666718750002 0.17734375
0 0.3166666671875 0.16796875 0.3125 0.16171875 0.2986111109375 0.16796875 0.275 0.196875 0.2736111109375 0.2015625 0.2791666671875 0.20234375 0.309722221875 0.17734375 0.3166666671875 0.16796875
0 0.8194444437499999 0.40703125 0.79444444375 0.40078125 0.7888888890625 0.40234375 0.7986111109375 0.41171875 0.8611111109375 0.42734375 0.85694444375 0.421875 0.8194444437499999 0.40703125
0 0.8791666671874999 0.75078125 0.872222221875 0.74375 0.8666666671875 0.74765625 0.859722221875 0.775 0.847222221875 0.790625 0.872222221875 0.7765625 0.8791666671874999 0.75078125
0 0.56805555625 0.415625 0.5097222218749999 0.42421875 0.5041666671875 0.428125 0.515277778125 0.43203125 0.58055555625 0.41875 0.56805555625 0.415625
0 0.5388888890625 0.3171875 0.5263888890625 0.31484375 0.475 0.3234375 0.47361111093749997 0.328125 0.48333333281249996 0.33046875 0.5097222218749999 0.3265625 0.5388888890625 0.3171875
0 0.2638888890625 0.325 0.25555555625 0.31171875 0.252777778125 0.32265625 0.2513888890625 0.353125 0.259722221875 0.35703125 0.26527777812500003 0.34921875 0.2638888890625 0.325
0 0.27777777812500004 0.44140625 0.240277778125 0.40703125 0.24722222187499998 0.42734375 0.275 0.45078125 0.28055555625 0.446875 0.27777777812500004 0.44140625
0 0.06805555625000001 0.1359375 0.0666666671875 0.14453125 0.0916666671875 0.17734375 0.0875 0.15390625 0.06805555625000001 0.1359375
0 0.240277778125 0.5234375 0.2388888890625 0.5484375 0.2486111109375 0.54453125 0.24722222187499998 0.50859375 0.240277778125 0.5234375