0 0.88055555625 0.94765625 0.8708333328125001 0.94140625 0.8222222218749999 0.93828125 0.8 0.93828125 0.7916666671875 0.94140625 0.7916666671875 0.9453125 0.8041666671875 0.95078125 0.872222221875 0.9515625 0.88055555625 0.94765625
0 0.5125 0.85 0.522222221875 0.846875 0.5125 0.83984375 0.4361111109375 0.84375 0.43333333281249997 0.8453125 0.44444444375 0.84921875 0.46388888906250003 0.85078125 0.5125 0.85
0 0.63055555625 0.7359375 0.575 0.7359375 0.54305555625 0.740625 0.5416666671875 0.74765625 0.5611111109375 0.7484375 0.6180555562500001 0.740625 0.63055555625 0.7359375
0 0.3333333328125 0.23515625 0.334722221875 0.23046875 0.31805555625 0.2203125 0.26944444375 0.203125 0.2736111109375 0.209375 0.315277778125 0.23203125 0.325 0.2359375 0.3333333328125 0.23515625
0 0.6555555562500001 0.3875 0.6263888890625 0.39609375 0.5958333328125 0.41171875 0.5930555562500001 0.41953125 0.6 0.4203125 0.65 0.3953125 0.6555555562500001 0.3875
0 0.8763888890624999 0.73515625 0.8652777781250001 0.69765625 0.85694444375 0.6875 0.8486111109375001 0.6875 0.847222221875 0.69375 0.859722221875 0.7171875 0.86944444375 0.73203125 0.8763888890624999 0.73515625
0 0.434722221875 0.37421875 0.4138888890625 0.40546875 0.41111111093749997 0.42109375 0.41944444374999995 0.425 0.427777778125 0.41328125 0.434722221875 0.37421875
0 0.2236111109375 0.4 0.2125 0.40234375 0.20416666718749998 0.41796875 0.2 0.44140625 0.20972222187499998 0.43515625 0.225 0.40859375 0.2236111109375 0.4
0 0.1763888890625 0.190625 0.16944444375 0.19375 0.16805555625 0.2140625 0.177777778125 0.24140625 0.1833333328125 0.19609375 0.1763888890625 0.190625
0 0.6972222218749999 0.8609375 0.69305555625 0.85625 0.6875 0.8578125 0.684722221875 0.8828125 0.6916666671875 0.903125 0.6972222218749999 0.9046875 0.6972222218749999 0.8609375
0 0.2513888890625 0.58125 0.1888888890625 0.60546875 0.1916666671875 0.61171875 0.20833333281250002 0.6078125 0.2486111109375 0.5875 0.2513888890625 0.58125
0 0.115277778125 0.19453125 0.0986111109375 0.18515625 0.0666666671875 0.1734375 0.06527777812499999 0.17890625 0.0736111109375 0.18515625 0.11944444375 0.20234375 0.115277778125 0.19453125
0 0.372222221875 0.50234375 0.3291666671875 0.528125 0.3263888890625 0.53359375 0.3333333328125 0.5375 0.372222221875 0.51015625 0.372222221875 0.50234375
0 0.497222221875 0.375 0.49583333281249997 0.35703125 0.48333333281249996 0.34453125 0.47361111093749997 0.340625 0.46944444374999994 0.3421875 0.48333333281249996 0.353125 0.490277778125 0.371875 0.497222221875 0.375
0 0.19583333281249998 0.5125 0.1763888890625 0.53671875 0.172222221875 0.54453125 0.1763888890625 0.55078125 0.1861111109375 0.54296875 0.19583333281249998 0.5125