1 0.8361111109375001 0.975 0.85694444375 0.97578125 0.8819444437499999 0.96640625 0.9041666671874999 0.95234375 0.922222221875 0.91796875 0.9111111109375001 0.91484375 0.89444444375 0.92265625 0.88055555625 0.9390625 0.8708333328125001 0.96171875 0.8583333328125 0.96953125 0.8361111109375001 0.975
1 0.9111111109375001 0.84375 0.8486111109375001 0.88515625 0.8416666671874999 0.89375 0.8388888890624999 0.90625 0.85 0.9109375 0.8875 0.88203125 0.9111111109375001 0.84375
1 0.38055555625 0.88125 0.3625 0.884375 0.35 0.8921875 0.2986111109375 0.9390625 0.29722222187499997 0.9453125 0.365277778125 0.90703125 0.38055555625 0.89296875 0.38055555625 0.88125
1 0.4388888890625 0.92421875 0.45 0.91796875 0.4513888890625 0.91171875 0.4263888890625 0.91171875 0.372222221875 0.93671875 0.3458333328125 0.94453125 0.3416666671875 0.946875 0.34444444375 0.95078125 0.3986111109375 0.9390625 0.4388888890625 0.92421875
1 0.8763888890624999 0.484375 0.8791666671874999 0.4796875 0.872222221875 0.4625 0.859722221875 0.446875 0.8375 0.4265625 0.8263888890625 0.4234375 0.8208333328125 0.42578125 0.827777778125 0.44609375 0.852777778125 0.46171875 0.8708333328125001 0.48359375 0.8763888890624999 0.484375
1 0.9111111109375001 0.790625 0.902777778125 0.77734375 0.88055555625 0.75546875 0.872222221875 0.7515625 0.8652777781250001 0.75234375 0.8638888890624999 0.7640625 0.86944444375 0.77421875 0.9138888890624999 0.8125 0.9111111109375001 0.790625
1 0.7013888890625 0.43125 0.7041666671875 0.42265625 0.6916666671875 0.42109375 0.6805555562500001 0.42421875 0.63055555625 0.4484375 0.5958333328125 0.4609375 0.602777778125 0.4625 0.6333333328124999 0.45703125 0.665277778125 0.44765625 0.7013888890625 0.43125
1 0.79444444375 0.865625 0.79305555625 0.8609375 0.7736111109375 0.853125 0.66944444375 0.840625 0.665277778125 0.84140625 0.772222221875 0.86875 0.7888888890625 0.86953125 0.79444444375 0.865625
1 0.19305555624999998 0.94765625 0.20277777812500003 0.93828125 0.19305555624999998 0.934375 0.17916666718750002 0.93515625 0.11388888906250001 0.9546875 0.102777778125 0.95859375 0.11388888906250001 0.96015625 0.16388888906250001 0.9546875 0.19305555624999998 0.94765625
1 0.090277778125 0.190625 0.077777778125 0.19296875 0.055555556250000006 0.22421875 0.052777778124999994 0.25078125 0.059722221875 0.2484375 0.0916666671875 0.20546875 0.090277778125 0.190625
1 0.27638888906250003 0.9625 0.2875 0.9546875 0.27777777812500004 0.95390625 0.23055555625 0.96796875 0.197222221875 0.971875 0.18194444375000002 0.97890625 0.18055555625 0.9828125 0.1875 0.984375 0.2236111109375 0.97890625 0.27638888906250003 0.9625
1 0.83194444375 0.73203125 0.8430555562500001 0.73125 0.8430555562500001 0.72578125 0.81805555625 0.71484375 0.727777778125 0.69140625 0.725 0.69453125 0.7597222218749999 0.703125 0.809722221875 0.725 0.83194444375 0.73203125
1 0.41111111093749997 0.82734375 0.3916666671875 0.82734375 0.3166666671875 0.83671875 0.384722221875 0.84140625 0.41111111093749997 0.8390625 0.42083333281249996 0.8328125 0.41111111093749997 0.82734375
1 0.9236111109375 0.86484375 0.9125 0.871875 0.9277777781250001 0.9171875 0.934722221875 0.90390625 0.934722221875 0.8765625 0.9236111109375 0.86484375
1 0.94305555625 0.94296875 0.9388888890624999 0.940625 0.91944444375 0.94609375 0.902777778125 0.959375 0.8958333328125001 0.9703125 0.8986111109375001 0.975 0.9388888890624999 0.9515625 0.94305555625 0.94296875
1 0.8125 0.97734375 0.83194444375 0.97421875 0.775 0.96875 0.74444444375 0.9703125 0.7458333328125 0.97578125 0.75555555625 0.97421875 0.7597222218749999 0.9765625 0.8125 0.97734375