0 0.809722221875 0.9390625 0.809722221875 0.934375 0.7458333328125 0.94375 0.7208333328125 0.953125 0.7194444437499999 0.96015625 0.7236111109375 0.96171875 0.7486111109375 0.959375 0.809722221875 0.9390625
0 0.7597222218749999 0.88046875 0.75555555625 0.8796875 0.7402777781250001 0.88984375 0.6888888890625 0.9078125 0.6916666671875 0.9140625 0.7166666671875 0.91015625 0.747222221875 0.8953125 0.7597222218749999 0.88046875
0 0.5930555562500001 0.88203125 0.5763888890625 0.8796875 0.5125 0.88828125 0.50555555625 0.8921875 0.5541666671875001 0.8921875 0.584722221875 0.8890625 0.5930555562500001 0.88203125
0 0.4166666671875 0.4421875 0.38333333281250004 0.4328125 0.3611111109375 0.43046875 0.35972222187499997 0.4359375 0.377777778125 0.44296875 0.44305555625000004 0.4546875 0.4166666671875 0.4421875
0 0.765277778125 0.396875 0.7666666671875 0.3921875 0.790277778125 0.38125 0.8041666671875 0.36875 0.775 0.378125 0.747222221875 0.3921875 0.734722221875 0.39921875 0.7361111109375 0.403125 0.7486111109375 0.403125 0.765277778125 0.396875
0 0.38055555625 0.8828125 0.3861111109375 0.8765625 0.3125 0.89765625 0.3111111109375 0.90390625 0.31805555625 0.90546875 0.3513888890625 0.896875 0.38055555625 0.8828125
0 0.8208333328125 0.79140625 0.8208333328125 0.78671875 0.8125 0.7828125 0.7638888890625 0.76953125 0.75555555625 0.7703125 0.7597222218749999 0.77578125 0.790277778125 0.78828125 0.809722221875 0.79296875 0.8208333328125 0.79140625
0 0.48333333281249996 0.884375 0.47222222187499996 0.86484375 0.46388888906250003 0.859375 0.47083333281249995 0.89609375 0.48333333281249996 0.91015625 0.4888888890625 0.90625 0.48333333281249996 0.884375
0 0.8388888890624999 0.8546875 0.8291666671875 0.846875 0.7736111109375 0.8328125 0.76805555625 0.83359375 0.79444444375 0.846875 0.8291666671875 0.8578125 0.8388888890624999 0.8546875
0 0.34861111093749997 0.81875 0.35 0.79609375 0.34444444375 0.79765625 0.3291666671875 0.82578125 0.3263888890625 0.83828125 0.3333333328125 0.83984375 0.3416666671875 0.834375 0.34861111093749997 0.81875
0 0.259722221875 0.365625 0.24444444375000002 0.3625 0.2486111109375 0.37265625 0.29305555625 0.3984375 0.290277778125 0.38984375 0.259722221875 0.365625
0 0.25555555625 0.6578125 0.2416666671875 0.653125 0.1888888890625 0.6453125 0.1986111109375 0.6515625 0.23472222187499997 0.66171875 0.25694444375000003 0.6625 0.25555555625 0.6578125
0 0.07083333281250001 0.28671875 0.05694444375 0.28046875 0.054166667187499996 0.28671875 0.08055555625000001 0.31796875 0.0888888890625 0.321875 0.07083333281250001 0.28671875
0 0.7083333328125 0.79765625 0.7013888890625 0.79765625 0.734722221875 0.82421875 0.75 0.82734375 0.747222221875 0.81875 0.7083333328125 0.79765625
0 0.1625 0.325 0.15 0.315625 0.1458333328125 0.31796875 0.15 0.33125 0.175 0.359375 0.1625 0.325