1 0.9083333328125001 0.90625 0.890277778125 0.88828125 0.8819444437499999 0.8875 0.875 0.8921875 0.8791666671874999 0.91875 0.9041666671874999 0.94921875 0.91944444375 0.95859375 0.9083333328125001 0.90625
1 0.627777778125 0.9546875 0.6388888890625 0.95234375 0.6416666671875 0.9484375 0.527777778125 0.94609375 0.5083333328124999 0.95078125 0.5083333328124999 0.9578125 0.51805555625 0.9609375 0.565277778125 0.96171875 0.627777778125 0.9546875
1 0.35694444375 0.72421875 0.36666666718749996 0.7171875 0.36666666718749996 0.7125 0.34722222187499996 0.71015625 0.28055555625 0.72890625 0.24722222187499998 0.7296875 0.24583333281250003 0.7359375 0.2513888890625 0.73828125 0.30555555624999997 0.73671875 0.35694444375 0.72421875
1 0.6763888890625 0.81640625 0.6833333328125 0.8109375 0.6777777781250001 0.80546875 0.6666666671875 0.80390625 0.5861111109375 0.8078125 0.5638888890625 0.8015625 0.5666666671875 0.81015625 0.6111111109375 0.81953125 0.652777778125 0.82109375 0.6763888890625 0.81640625
1 0.6486111109375 0.74375 0.6611111109375 0.7359375 0.6611111109375 0.73046875 0.652777778125 0.72734375 0.6291666671875 0.73203125 0.5944444437499999 0.75 0.547222221875 0.76796875 0.5986111109375 0.759375 0.6486111109375 0.74375
1 0.090277778125 0.18515625 0.08194444375 0.18515625 0.072222221875 0.1921875 0.059722221875 0.21640625 0.05694444375 0.24765625 0.0916666671875 0.20625 0.09444444375 0.1921875 0.090277778125 0.18515625
1 0.33888888906250003 0.8203125 0.275 0.83046875 0.23611111093749998 0.8421875 0.23611111093749998 0.8515625 0.25833333281250004 0.85078125 0.3083333328125 0.834375 0.33888888906250003 0.8203125
1 0.8291666671875 0.9390625 0.8236111109375001 0.9375 0.734722221875 0.95546875 0.7333333328125 0.965625 0.752777778125 0.96640625 0.7875 0.95859375 0.8291666671875 0.9390625
1 0.19305555624999998 0.96328125 0.20277777812500003 0.95859375 0.1986111109375 0.9515625 0.1833333328125 0.94921875 0.1125 0.953125 0.0958333328125 0.9546875 0.0958333328125 0.95703125 0.15 0.96328125 0.19305555624999998 0.96328125
1 0.9277777781250001 0.80625 0.9263888890624999 0.775 0.9208333328125 0.76328125 0.9125 0.75859375 0.9013888890624999 0.765625 0.9 0.78125 0.9166666671874999 0.8078125 0.91944444375 0.82109375 0.9277777781250001 0.80625
1 0.75555555625 0.87890625 0.747222221875 0.86796875 0.7388888890625 0.8890625 0.6875 0.91875 0.6861111109375 0.928125 0.6986111109375 0.928125 0.73194444375 0.90859375 0.75555555625 0.87890625
1 0.940277778125 0.9046875 0.9375 0.8890625 0.9305555562500001 0.88203125 0.9208333328125 0.884375 0.9166666671874999 0.90390625 0.922222221875 0.92109375 0.934722221875 0.93359375 0.940277778125 0.9046875
1 0.16805555625 0.96875 0.134722221875 0.975 0.134722221875 0.98203125 0.1611111109375 0.98203125 0.23611111093749998 0.96640625 0.16805555625 0.96875
1 0.89444444375 0.975 0.8875 0.97109375 0.86944444375 0.96875 0.8291666671875 0.96875 0.8263888890625 0.97421875 0.8333333328125001 0.978125 0.88055555625 0.978125 0.89444444375 0.975
1 0.34015555625 0.95075 0.3520333328125 0.9561320312499999 0.36688055625 0.9591015625000001 0.383047221875 0.9592867187499999 0.3965736109375 0.9611429687499999 0.4160388890625 0.9603999999999999 0.43220555625 0.9592867187499999 0.44078472187499995 0.9559460937500001 0.43748472187500004 0.9524203124999999 0.41966805625000003 0.94926484375 0.401522221875 0.94703828125 0.37380833281250003 0.9459250000000001 0.35863194374999996 0.94629609375 0.33322777812500004 0.9440687499999999 0.3154111109375 0.93868671875 0.3170611109375 0.9442546875 0.32465 0.9483375 0.34015555625 0.95075
1 0.31178194375 0.9136328125000001 0.3061736109375 0.9245828125 0.296934721875 0.9346039062499999 0.295615278125 0.9433265625 0.2886875 0.9481515625 0.2896763890625 0.9540906250000001 0.286047221875 0.9615140625 0.296275 0.95761640625 0.298584721875 0.9514921875000001 0.308152778125 0.9457390625000001 0.3147513890625 0.9377585937499999 0.3187111109375 0.93219140625 0.32761805625 0.9269953125000001 0.331247221875 0.9217984375 0.34015555625 0.9136328125000001 0.34180555625000003 0.90528203125 0.3480736109375 0.89915703125 0.3484041671875 0.8928476562500001 0.343784721875 0.88709453125 0.3269583328125 0.8909914062500001 0.3193708328125 0.90027109375 0.31178194375 0.9136328125000001