0 0.20833333281250002 0.18359375 0.20416666718749998 0.17734375 0.15972222187500001 0.15546875 0.134722221875 0.14921875 0.13194444375 0.1578125 0.1416666671875 0.1625 0.16944444375 0.17421875 0.20833333281250002 0.18359375
0 0.8833333328125 0.9390625 0.81805555625 0.9390625 0.79444444375 0.94609375 0.790277778125 0.9515625 0.8083333328125001 0.95390625 0.8638888890624999 0.9453125 0.8833333328125 0.9390625
0 0.5166666671875 0.846875 0.5083333328124999 0.83984375 0.427777778125 0.84453125 0.4291666671875 0.84921875 0.45694444375 0.8515625 0.50555555625 0.85078125 0.5166666671875 0.846875
0 0.7763888890625 0.734375 0.7888888890625 0.73203125 0.7861111109375 0.72734375 0.74444444375 0.71796875 0.715277778125 0.70546875 0.7125 0.70859375 0.7180555562500001 0.715625 0.747222221875 0.7296875 0.7763888890625 0.734375
0 0.715277778125 0.8546875 0.7125 0.8484375 0.7 0.8515625 0.6888888890625 0.8671875 0.6736111109375 0.89609375 0.684722221875 0.8921875 0.7013888890625 0.8765625 0.715277778125 0.8546875
0 0.83194444375 0.77734375 0.8263888890625 0.771875 0.81805555625 0.775 0.8208333328125 0.821875 0.825 0.82578125 0.83194444375 0.803125 0.83194444375 0.77734375
0 0.5763888890625 0.4015625 0.56805555625 0.39375 0.55694444375 0.39375 0.5583333328125 0.40390625 0.5944444437499999 0.43828125 0.5888888890625 0.41953125 0.5763888890625 0.4015625
0 0.7402777781250001 0.5140625 0.727777778125 0.50546875 0.7166666671875 0.5046875 0.7166666671875 0.51328125 0.7638888890625 0.54375 0.7638888890625 0.53828125 0.7402777781250001 0.5140625
0 0.897222221875 0.44453125 0.909722221875 0.43515625 0.9069444437499999 0.43046875 0.897222221875 0.43203125 0.8652777781250001 0.44453125 0.8361111109375001 0.45078125 0.8625 0.45234375 0.897222221875 0.44453125
0 0.372222221875 0.43828125 0.33888888906250003 0.4265625 0.32777777812500003 0.4234375 0.31944444375000003 0.425 0.31944444375000003 0.4296875 0.3291666671875 0.43515625 0.384722221875 0.446875 0.372222221875 0.43828125
0 0.3291666671875 0.16015625 0.322222221875 0.16015625 0.3166666671875 0.16484375 0.30416666718749996 0.1859375 0.3013888890625 0.19765625 0.3125 0.19296875 0.32777777812500003 0.17421875 0.3291666671875 0.16015625
0 0.084722221875 0.1421875 0.0736111109375 0.12890625 0.0638888890625 0.1265625 0.06805555625000001 0.1421875 0.09444444375 0.16875 0.0958333328125 0.1625 0.084722221875 0.1421875
0 0.3333333328125 0.4859375 0.2916666671875 0.4765625 0.290277778125 0.48203125 0.29722222187499997 0.4859375 0.35694444375 0.49765625 0.3333333328125 0.4859375
0 0.24722222187499998 0.225 0.23055555625 0.21796875 0.20972222187499998 0.215625 0.23472222187499997 0.2265625 0.2625 0.24609375 0.2638888890625 0.2375 0.24722222187499998 0.225
0 0.622222221875 0.3734375 0.6152777781250001 0.3734375 0.6180555562500001 0.39609375 0.6291666671875 0.415625 0.6263888890625 0.38046875 0.622222221875 0.3734375