0 0.46666666718750005 0.3578125 0.46666666718750005 0.35390625 0.447222221875 0.3546875 0.425 0.3609375 0.4 0.3765625 0.3986111109375 0.3828125 0.40972222187499996 0.3828125 0.440277778125 0.365625 0.46666666718750005 0.3578125
0 0.6458333328125 0.7234375 0.6347222218749999 0.7203125 0.5625 0.73046875 0.5625 0.7359375 0.575 0.7375 0.622222221875 0.73046875 0.6458333328125 0.7234375
0 0.5333333328125 0.85078125 0.5208333328125 0.84375 0.447222221875 0.83984375 0.44444444375 0.84140625 0.49305555625 0.8515625 0.5291666671875 0.85390625 0.5333333328125 0.85078125
0 0.309722221875 0.184375 0.2958333328125 0.18125 0.2611111109375 0.1890625 0.23611111093749998 0.19921875 0.2388888890625 0.20234375 0.259722221875 0.19609375 0.2958333328125 0.1921875 0.309722221875 0.184375
0 0.23472222187499997 0.42265625 0.222222221875 0.425 0.18055555625 0.44765625 0.177777778125 0.45546875 0.18194444375000002 0.4578125 0.21111111093749999 0.4421875 0.23472222187499997 0.42265625
0 0.26805555625 0.55390625 0.26527777812500003 0.54765625 0.25833333281250004 0.559375 0.2236111109375 0.5796875 0.2236111109375 0.5859375 0.23055555625 0.58671875 0.25555555625 0.5734375 0.26805555625 0.55390625
0 0.23333333281250002 0.4953125 0.1875 0.47421875 0.1708333328125 0.471875 0.16944444375 0.478125 0.1763888890625 0.48203125 0.2 0.48984375 0.23333333281250002 0.4953125
0 0.17916666718750002 0.18203125 0.16805555625 0.18046875 0.172222221875 0.209375 0.184722221875 0.22734375 0.1833333328125 0.19140625 0.17916666718750002 0.18203125
0 0.0916666671875 0.1640625 0.08333333281250001 0.1546875 0.0736111109375 0.15234375 0.072222221875 0.159375 0.102777778125 0.19453125 0.10555555624999999 0.1890625 0.0916666671875 0.1640625
0 0.877777778125 0.70859375 0.872222221875 0.6984375 0.8652777781250001 0.6984375 0.8680555562500001 0.725 0.8763888890624999 0.74765625 0.88055555625 0.7484375 0.877777778125 0.70859375
0 0.4388888890625 0.45703125 0.3861111109375 0.4859375 0.3861111109375 0.49140625 0.3958333328125 0.49140625 0.434722221875 0.46640625 0.4388888890625 0.45703125
0 0.777777778125 0.8875 0.7791666671875 0.86796875 0.7708333328125 0.859375 0.747222221875 0.85234375 0.74444444375 0.85703125 0.765277778125 0.8671875 0.76805555625 0.88046875 0.777777778125 0.8875
0 0.5013888890625 0.29765625 0.4916666671875 0.30078125 0.4625 0.32265625 0.459722221875 0.32890625 0.46527777812500004 0.33203125 0.48333333281249996 0.31953125 0.5013888890625 0.29765625
0 0.6569444437499999 0.40390625 0.6569444437499999 0.409375 0.665277778125 0.41171875 0.7333333328125 0.4078125 0.6569444437499999 0.40390625
0 0.8791666671874999 0.946875 0.872222221875 0.9390625 0.815277778125 0.9390625 0.79305555625 0.94375 0.7916666671875 0.95 0.809722221875 0.95390625 0.8638888890624999 0.95078125 0.8791666671874999 0.946875