0 0.8875 0.9390625 0.8666666671875 0.9375 0.825 0.940625 0.79444444375 0.94921875 0.7986111109375 0.95859375 0.815277778125 0.9578125 0.859722221875 0.94921875 0.8875 0.9390625
0 0.21111111093749999 0.1734375 0.20555555625 0.16953125 0.172222221875 0.16484375 0.1583333328125 0.15859375 0.13333333281249998 0.15546875 0.11944444375 0.15703125 0.11944444375 0.1609375 0.13333333281249998 0.16875 0.1888888890625 0.17578125 0.21111111093749999 0.1734375
0 0.6986111109375 0.65234375 0.6944444437499999 0.646875 0.652777778125 0.64375 0.6166666671875001 0.64921875 0.61944444375 0.653125 0.6458333328125 0.6578125 0.6861111109375 0.65703125 0.6986111109375 0.65234375
0 0.497222221875 0.8578125 0.5166666671875 0.8578125 0.522222221875 0.8546875 0.5125 0.84765625 0.44305555625000004 0.8421875 0.4375 0.8421875 0.4388888890625 0.846875 0.46527777812500004 0.85390625 0.497222221875 0.8578125
0 0.9125 0.44453125 0.8958333328125001 0.44609375 0.8375 0.46171875 0.8416666671874999 0.46484375 0.9 0.45703125 0.91944444375 0.446875 0.9125 0.44453125
0 0.715277778125 0.86015625 0.7013888890625 0.8640625 0.659722221875 0.89453125 0.6638888890625 0.89765625 0.6861111109375 0.88828125 0.715277778125 0.86875 0.715277778125 0.86015625
0 0.777777778125 0.5640625 0.76944444375 0.5625 0.7638888890625 0.56484375 0.7486111109375 0.5875 0.7430555562500001 0.60703125 0.75 0.6046875 0.76805555625 0.58515625 0.777777778125 0.5640625
0 0.3958333328125 0.52265625 0.36666666718749996 0.5046875 0.3541666671875 0.503125 0.35555555625 0.5125 0.40416666718750005 0.53828125 0.40972222187499996 0.53828125 0.3958333328125 0.52265625
0 0.60694444375 0.471875 0.6 0.47265625 0.602777778125 0.4890625 0.6333333328124999 0.52265625 0.6166666671875001 0.47890625 0.60694444375 0.471875
0 0.83055555625 0.8203125 0.83055555625 0.8140625 0.825 0.81171875 0.8194444437499999 0.8140625 0.80694444375 0.84296875 0.8027777781250001 0.85859375 0.809722221875 0.85703125 0.825 0.834375 0.83055555625 0.8203125
0 0.09305555625 0.146875 0.075 0.13046875 0.06805555625000001 0.1265625 0.0625 0.128125 0.0638888890625 0.1359375 0.1 0.1671875 0.102777778125 0.16015625 0.09305555625 0.146875
0 0.15972222187500001 0.2046875 0.1875424078125 0.23272503125 0.1916666671875 0.22421875 0.16944444375 0.1953125 0.1583333328125 0.1921875 0.15972222187500001 0.2046875
0 0.6958333328124999 0.4828125 0.6708333328125 0.44765625 0.659722221875 0.44453125 0.6569444437499999 0.45078125 0.6638888890625 0.46015625 0.6875 0.48203125 0.6958333328124999 0.4828125
0 0.3361111109375 0.1671875 0.3291666671875 0.16875 0.322222221875 0.18125 0.32083333281250004 0.2 0.3263888890625 0.2046875 0.3416666671875 0.17734375 0.3361111109375 0.1671875
0 0.48194444374999995 0.5125 0.47222222187499996 0.50703125 0.46805555625000006 0.509375 0.46805555625000006 0.5234375 0.48472222187499997 0.55390625 0.48194444374999995 0.5125