0 0.6486111109375 0.79140625 0.6486111109375 0.7875 0.6347222218749999 0.7828125 0.559722221875 0.78203125 0.5638888890625 0.78671875 0.6083333328125 0.79296875 0.6416666671875 0.79453125 0.6486111109375 0.79140625
0 0.15555555625 0.86875 0.16805555625 0.8734375 0.16944444375 0.86328125 0.1375 0.82890625 0.13333333281249998 0.82890625 0.13333333281249998 0.83515625 0.14444444375 0.85546875 0.15555555625 0.86875
0 0.134722221875 0.79296875 0.11388888906250001 0.76328125 0.1111111109375 0.7515625 0.10555555624999999 0.7578125 0.10833333281249999 0.7796875 0.11805555625 0.79453125 0.13055555624999998 0.80078125 0.134722221875 0.79296875
0 0.0916666671875 0.740625 0.090277778125 0.7265625 0.058333332812500006 0.696875 0.055555556250000006 0.70078125 0.0638888890625 0.71640625 0.084722221875 0.7390625 0.0916666671875 0.740625
0 0.2986111109375 0.58515625 0.302777778125 0.5484375 0.28472222187499996 0.57578125 0.28194444375 0.5953125 0.2833333328125 0.59921875 0.2888888890625 0.59921875 0.2986111109375 0.58515625
0 0.6777777781250001 0.678125 0.6666666671875 0.68046875 0.6263888890625 0.70703125 0.6263888890625 0.7125 0.6638888890625 0.69453125 0.6777777781250001 0.684375 0.6777777781250001 0.678125
0 0.44305555625000004 0.759375 0.425 0.759375 0.3916666671875 0.76875 0.38055555625 0.775 0.38333333281250004 0.778125 0.434722221875 0.76640625 0.44305555625000004 0.759375
0 0.23194444375 0.7828125 0.21944444375 0.76640625 0.21944444375 0.80234375 0.2236111109375 0.809375 0.23194444375 0.81015625 0.23194444375 0.7828125
0 0.647222221875 0.55546875 0.6236111109375 0.53984375 0.6083333328125 0.53203125 0.5986111109375 0.53125 0.597222221875 0.53671875 0.602777778125 0.540625 0.6458333328125 0.559375 0.647222221875 0.55546875
0 0.20833333281250002 0.5265625 0.175 0.55546875 0.172222221875 0.565625 0.177777778125 0.5671875 0.19444444375 0.55390625 0.20833333281250002 0.5265625
0 0.5151361109375 0.8514062499999999 0.5137236109375001 0.8462390624999999 0.4967638890625 0.8315320312500001 0.47697777812500003 0.81603046875 0.4670861109375 0.8112609375 0.45931249999999996 0.812453125 0.4684986109375 0.8255703125 0.487577778125 0.8378921874999999 0.50595 0.8458414062499999 0.5151361109375 0.8514062499999999
0 0.4670861109375 0.83471171875 0.49605694375000003 0.82914765625 0.510897221875 0.8263648437500001 0.5313888890625 0.82199296875 0.5426958328125 0.8144406249999999 0.532802778125 0.8132484375000001 0.5151361109375 0.8164281250000001 0.4953513890625 0.8235828125 0.4727388890625 0.83033984375 0.4670861109375 0.83471171875
0 0.57166805625 0.8359046875 0.5886263890625 0.84902109375 0.614772221875 0.86015078125 0.6232513890625 0.85935625 0.612652778125 0.8494187500000001 0.5879194437499999 0.8363023437500001 0.556827778125 0.8208 0.544815278125 0.82000546875 0.5525888890624999 0.824775 0.57166805625 0.8359046875
0 0.5193763890625 0.85697109375 0.532802778125 0.8605484375 0.55046805625 0.86412578125 0.57590694375 0.86929296875 0.5893333328125 0.867703125 0.592159721875 0.8633304687500001 0.5737875 0.85895859375 0.52785555625 0.8533937500000001 0.5179625 0.8525984375 0.510897221875 0.8541890625 0.5193763890625 0.85697109375
1 0.60694444375 0.92578125 0.60694444375 0.915625 0.5958333328125 0.915625 0.5861111109375 0.91953125 0.525 0.9546875 0.5236111109375 0.95859375 0.5333333328125 0.959375 0.58055555625 0.93984375 0.60694444375 0.92578125
1 0.10555555624999999 0.9421875 0.11944444375 0.91328125 0.115277778125 0.89609375 0.1041666671875 0.89765625 0.0958333328125 0.90859375 0.0875 0.94609375 0.0861111109375 0.959375 0.0916666671875 0.96328125 0.09305555625 0.953125 0.10555555624999999 0.9421875
1 0.490277778125 0.91953125 0.447222221875 0.88828125 0.477777778125 0.9328125 0.497222221875 0.9421875 0.5013888890625 0.934375 0.490277778125 0.91953125
1 0.097222221875 0.60703125 0.08333333281250001 0.609375 0.075 0.62578125 0.0736111109375 0.64921875 0.0791666671875 0.66328125 0.1 0.62421875 0.097222221875 0.60703125
1 0.20416666718749998 0.63046875 0.19305555624999998 0.63046875 0.184722221875 0.63515625 0.15277777812499999 0.66640625 0.1375 0.690625 0.1986111109375 0.64765625 0.20555555625 0.6390625 0.20416666718749998 0.63046875
1 0.29722222187499997 0.66171875 0.2513888890625 0.66015625 0.23333333281250002 0.6640625 0.2375 0.6703125 0.2486111109375 0.671875 0.3375 0.67109375 0.29722222187499997 0.66171875
1 0.3986111109375 0.715625 0.4291666671875 0.70859375 0.4138888890625 0.70625 0.38055555625 0.71015625 0.34722222187499996 0.72109375 0.325 0.7328125 0.322222221875 0.7359375 0.32777777812500003 0.74140625 0.3416666671875 0.740625 0.3986111109375 0.715625
1 0.4888888890625 0.7671875 0.477777778125 0.76640625 0.46388888906250003 0.7703125 0.39027777812500003 0.8140625 0.3888888890625 0.81796875 0.47361111093749997 0.78515625 0.4888888890625 0.775 0.4888888890625 0.7671875
1 0.6013888890625 0.68203125 0.5916666671875 0.68203125 0.575 0.6890625 0.5305555562500001 0.728125 0.525 0.73671875 0.5958333328125 0.69765625 0.6041666671875 0.6890625 0.6013888890625 0.68203125
1 0.5736111109375 0.61640625 0.5666666671875 0.6078125 0.5555555562500001 0.6109375 0.55 0.6203125 0.5486111109375 0.6734375 0.5611111109375 0.659375 0.5722222218749999 0.6328125 0.5736111109375 0.61640625
1 0.73055555625 0.72265625 0.73194444375 0.715625 0.7236111109375 0.71328125 0.7041666671875 0.71640625 0.66805555625 0.73046875 0.6388888890625 0.74375 0.6458333328125 0.7453125 0.702777778125 0.7328125 0.73055555625 0.72265625
1 0.9 0.634375 0.8416666671874999 0.5953125 0.825 0.5875 0.809722221875 0.5859375 0.809722221875 0.59609375 0.83055555625 0.61171875 0.8888888890625 0.634375 0.9 0.634375
1 0.9277777781250001 0.68046875 0.922222221875 0.6734375 0.909722221875 0.6765625 0.9083333328125001 0.69375 0.9166666671874999 0.73046875 0.9277777781250001 0.71015625 0.9277777781250001 0.68046875
1 0.8416666671874999 0.12890625 0.8680555562500001 0.125 0.8625 0.1171875 0.834722221875 0.11015625 0.8 0.10546875 0.7541666671875 0.1046875 0.7486111109375 0.10703125 0.752777778125 0.11171875 0.7819444437499999 0.1203125 0.8416666671874999 0.12890625
1 0.1269263890625 0.9676984375 0.14248194375 0.9697984375 0.16861388906250002 0.9676984375 0.20096666718749998 0.9655984375 0.2084333328125 0.9624484375 0.2121666671875 0.9571984375 0.20532222187500002 0.95229921875 0.186034721875 0.9512492187499999 0.1630138890625 0.9529992187499999 0.144347221875 0.95474921875 0.1319041671875 0.9571984375 0.10079444374999999 0.9617484375 0.0920833328125 0.9655984375 0.1138611109375 0.9655984375 0.1269263890625 0.9676984375
1 0.2022111109375 0.9554492187499999 0.2258541671875 0.9571984375 0.253852778125 0.9592984375 0.29491805625 0.95649921875 0.3191833328125 0.95229921875 0.3347375 0.94809921875 0.3496708328125 0.9410999999999999 0.3484263890625 0.9362 0.32789305625 0.9340999999999999 0.31420555625 0.9337500000000001 0.2986513890625 0.93585 0.28931805625 0.93865 0.270652778125 0.94319921875 0.2631861109375 0.9459992187499999 0.2426541671875 0.9501992187500001 0.228965278125 0.95159921875 0.21652222187499998 0.95089921875 0.1972333328125 0.9470492187499999 0.1835458328125 0.94879921875 0.180434721875 0.9512492187499999 0.2022111109375 0.9554492187499999